function K = DW0t_3(p)
% Auto-generated constant matrix
K = zeros(20,12);
K = [
  0.000000e+00, 0.000000e+00, 0.000000e+00, 0.000000e+00, -3.275000e-02, -3.029375e-02, -2.325250e-02, -1.256781e-02, 0.000000e+00, 0.000000e+00, 0.000000e+00, 0.000000e+00;
  0.000000e+00, 0.000000e+00, 0.000000e+00, 0.000000e+00, -9.825000e-02, -7.614375e-02, -1.866750e-02, 5.096719e-02, 0.000000e+00, 0.000000e+00, 0.000000e+00, 0.000000e+00;
  0.000000e+00, 0.000000e+00, 0.000000e+00, 0.000000e+00, -1.637500e-01, -1.023437e-01, 4.093750e-02, 1.688672e-01, 0.000000e+00, 0.000000e+00, 0.000000e+00, 0.000000e+00;
  0.000000e+00, 0.000000e+00, 0.000000e+00, 0.000000e+00, -2.292500e-01, -1.088937e-01, 1.398425e-01, 2.782522e-01, 0.000000e+00, 0.000000e+00, 0.000000e+00, 0.000000e+00;
  0.000000e+00, 0.000000e+00, 0.000000e+00, 0.000000e+00, -2.947500e-01, -9.579375e-02, 2.623275e-01, 3.319622e-01, 0.000000e+00, 0.000000e+00, 0.000000e+00, 0.000000e+00;
  0.000000e+00, 0.000000e+00, 0.000000e+00, 0.000000e+00, -3.602500e-01, -6.304375e-02, 3.926725e-01, 2.985572e-01, 0.000000e+00, 0.000000e+00, 0.000000e+00, 0.000000e+00;
  0.000000e+00, 0.000000e+00, 0.000000e+00, 0.000000e+00, -4.257500e-01, -1.064375e-02, 5.151575e-01, 1.623172e-01, 0.000000e+00, 0.000000e+00, 0.000000e+00, 0.000000e+00;
  0.000000e+00, 0.000000e+00, 0.000000e+00, 0.000000e+00, -4.912500e-01, 6.140625e-02, 6.140625e-01, -7.675781e-02, 0.000000e+00, 0.000000e+00, 0.000000e+00, 0.000000e+00;
  0.000000e+00, 0.000000e+00, 0.000000e+00, 0.000000e+00, -5.567500e-01, 1.531063e-01, 6.736675e-01, -4.029478e-01, 0.000000e+00, 0.000000e+00, 0.000000e+00, 0.000000e+00;
  0.000000e+00, 0.000000e+00, 0.000000e+00, 0.000000e+00, -6.222500e-01, 2.644563e-01, 6.782525e-01, -7.848128e-01, 0.000000e+00, 0.000000e+00, 0.000000e+00, 0.000000e+00;
  0.000000e+00, 0.000000e+00, 0.000000e+00, 0.000000e+00, -6.877500e-01, 3.954563e-01, 6.120975e-01, -1.175193e+00, 0.000000e+00, 0.000000e+00, 0.000000e+00, 0.000000e+00;
  0.000000e+00, 0.000000e+00, 0.000000e+00, 0.000000e+00, -7.532500e-01, 5.461063e-01, 4.594825e-01, -1.511208e+00, 0.000000e+00, 0.000000e+00, 0.000000e+00, 0.000000e+00;
  0.000000e+00, 0.000000e+00, 0.000000e+00, 0.000000e+00, -8.187500e-01, 7.164063e-01, 2.046875e-01, -1.714258e+00, 0.000000e+00, 0.000000e+00, 0.000000e+00, 0.000000e+00;
  0.000000e+00, 0.000000e+00, 0.000000e+00, 0.000000e+00, -8.842500e-01, 9.063562e-01, -1.680075e-01, -1.690023e+00, 0.000000e+00, 0.000000e+00, 0.000000e+00, 0.000000e+00;
  0.000000e+00, 0.000000e+00, 0.000000e+00, 0.000000e+00, -9.497500e-01, 1.115956e+00, -6.743225e-01, -1.328463e+00, 0.000000e+00, 0.000000e+00, 0.000000e+00, 0.000000e+00;
  0.000000e+00, 0.000000e+00, 0.000000e+00, 0.000000e+00, -1.015250e+00, 1.345206e+00, -1.329977e+00, -5.038178e-01, 0.000000e+00, 0.000000e+00, 0.000000e+00, 0.000000e+00;
  0.000000e+00, 0.000000e+00, 0.000000e+00, 0.000000e+00, -1.080750e+00, 1.594106e+00, -2.150693e+00, 9.253922e-01, 0.000000e+00, 0.000000e+00, 0.000000e+00, 0.000000e+00;
  0.000000e+00, 0.000000e+00, 0.000000e+00, 0.000000e+00, -1.146250e+00, 1.862656e+00, -3.152187e+00, 3.116367e+00, 0.000000e+00, 0.000000e+00, 0.000000e+00, 0.000000e+00;
  0.000000e+00, 0.000000e+00, 0.000000e+00, 0.000000e+00, -1.211750e+00, 2.150856e+00, -4.350182e+00, 6.242027e+00, 0.000000e+00, 0.000000e+00, 0.000000e+00, 0.000000e+00;
  0.000000e+00, 0.000000e+00, 0.000000e+00, 0.000000e+00, -1.277250e+00, 2.458706e+00, -5.760398e+00, 1.049101e+01, 0.000000e+00, 0.000000e+00, 0.000000e+00, 0.000000e+00;
];
