function K = Kcrd_2(p)
% Auto-generated constant matrix
K = zeros(20,12);
K = [
  0.000000e+00, 0.000000e+00, 0.000000e+00, 0.000000e+00, 0.000000e+00, 0.000000e+00, 0.000000e+00, 0.000000e+00, 1.637500e-02, 1.555625e-02, 1.318187e-02, 9.489312e-03;
  0.000000e+00, 0.000000e+00, 0.000000e+00, 0.000000e+00, 0.000000e+00, 0.000000e+00, 0.000000e+00, 0.000000e+00, 4.912500e-02, 4.175625e-02, 2.186062e-02, -4.593188e-03;
  0.000000e+00, 0.000000e+00, 0.000000e+00, 0.000000e+00, 0.000000e+00, 0.000000e+00, 0.000000e+00, 0.000000e+00, 8.187500e-02, 6.140625e-02, 1.023438e-02, -4.605469e-02;
  0.000000e+00, 0.000000e+00, 0.000000e+00, 0.000000e+00, 0.000000e+00, 0.000000e+00, 0.000000e+00, 0.000000e+00, 1.146250e-01, 7.450625e-02, -1.776688e-02, -9.760319e-02;
  0.000000e+00, 0.000000e+00, 0.000000e+00, 0.000000e+00, 0.000000e+00, 0.000000e+00, 0.000000e+00, 0.000000e+00, 1.473750e-01, 8.105625e-02, -5.821313e-02, -1.450907e-01;
  0.000000e+00, 0.000000e+00, 0.000000e+00, 0.000000e+00, 0.000000e+00, 0.000000e+00, 0.000000e+00, 0.000000e+00, 1.801250e-01, 8.105625e-02, -1.071744e-01, -1.775132e-01;
  0.000000e+00, 0.000000e+00, 0.000000e+00, 0.000000e+00, 0.000000e+00, 0.000000e+00, 0.000000e+00, 0.000000e+00, 2.128750e-01, 7.450625e-02, -1.607206e-01, -1.870107e-01;
  0.000000e+00, 0.000000e+00, 0.000000e+00, 0.000000e+00, 0.000000e+00, 0.000000e+00, 0.000000e+00, 0.000000e+00, 2.456250e-01, 6.140625e-02, -2.149219e-01, -1.688672e-01;
  0.000000e+00, 0.000000e+00, 0.000000e+00, 0.000000e+00, 0.000000e+00, 0.000000e+00, 0.000000e+00, 0.000000e+00, 2.783750e-01, 4.175625e-02, -2.658481e-01, -1.215107e-01;
  0.000000e+00, 0.000000e+00, 0.000000e+00, 0.000000e+00, 0.000000e+00, 0.000000e+00, 0.000000e+00, 0.000000e+00, 3.111250e-01, 1.555625e-02, -3.095694e-01, -4.651319e-02;
  0.000000e+00, 0.000000e+00, 0.000000e+00, 0.000000e+00, 0.000000e+00, 0.000000e+00, 0.000000e+00, 0.000000e+00, 3.438750e-01, -1.719375e-02, -3.421556e-01, 5.140931e-02;
  0.000000e+00, 0.000000e+00, 0.000000e+00, 0.000000e+00, 0.000000e+00, 0.000000e+00, 0.000000e+00, 0.000000e+00, 3.766250e-01, -5.649375e-02, -3.596769e-01, 1.643968e-01;
  0.000000e+00, 0.000000e+00, 0.000000e+00, 0.000000e+00, 0.000000e+00, 0.000000e+00, 0.000000e+00, 0.000000e+00, 4.093750e-01, -1.023438e-01, -3.582031e-01, 2.814453e-01;
  0.000000e+00, 0.000000e+00, 0.000000e+00, 0.000000e+00, 0.000000e+00, 0.000000e+00, 0.000000e+00, 0.000000e+00, 4.421250e-01, -1.547438e-01, -3.338044e-01, 3.884068e-01;
  0.000000e+00, 0.000000e+00, 0.000000e+00, 0.000000e+00, 0.000000e+00, 0.000000e+00, 0.000000e+00, 0.000000e+00, 4.748750e-01, -2.136938e-01, -2.825506e-01, 4.679893e-01;
  0.000000e+00, 0.000000e+00, 0.000000e+00, 0.000000e+00, 0.000000e+00, 0.000000e+00, 0.000000e+00, 0.000000e+00, 5.076250e-01, -2.791938e-01, -2.005119e-01, 4.997568e-01;
  0.000000e+00, 0.000000e+00, 0.000000e+00, 0.000000e+00, 0.000000e+00, 0.000000e+00, 0.000000e+00, 0.000000e+00, 5.403750e-01, -3.512438e-01, -8.375812e-02, 4.601293e-01;
  0.000000e+00, 0.000000e+00, 0.000000e+00, 0.000000e+00, 0.000000e+00, 0.000000e+00, 0.000000e+00, 0.000000e+00, 5.731250e-01, -4.298437e-01, 7.164062e-02, 3.223828e-01;
  0.000000e+00, 0.000000e+00, 0.000000e+00, 0.000000e+00, 0.000000e+00, 0.000000e+00, 0.000000e+00, 0.000000e+00, 6.058750e-01, -5.149937e-01, 2.696144e-01, 5.664931e-02;
  0.000000e+00, 0.000000e+00, 0.000000e+00, 0.000000e+00, 0.000000e+00, 0.000000e+00, 0.000000e+00, 0.000000e+00, 6.386250e-01, -6.066938e-01, 5.140931e-01, -3.700832e-01;
];
