function K = massModel_dir_1(p)
% Auto-generated constant matrix
K = zeros(12,1);
K = [
  9.975645e-02;
  -4.954960e-02;
  -2.107448e-02;
  3.214360e-02;
  0.000000e+00;
  0.000000e+00;
  0.000000e+00;
  0.000000e+00;
  -7.585875e-04;
  2.504497e-04;
  2.579754e-04;
  -1.638355e-04;
];
