function K = massModel_dir_2(p)
% Auto-generated constant matrix
K = zeros(12,1);
K = [
  0.000000e+00;
  0.000000e+00;
  0.000000e+00;
  0.000000e+00;
  9.975645e-02;
  -4.954960e-02;
  -2.107448e-02;
  3.214360e-02;
  0.000000e+00;
  0.000000e+00;
  0.000000e+00;
  0.000000e+00;
];
