function fw = fw(x)
%FW
%    FW = FW(X)

%    This function was generated by the Symbolic Math Toolbox version 24.2.
%    28-Jan-2026 22:46:57

mt1 = [x.^3.*(4.0./3.0),x.^3.*(x.*1.5e+1-1.96e+2).*(-1.0./1.47e+2),x.^3.*(x.*-2.205e+3+x.^2.*8.0e+1+7.203e+3).*1.851080568281734e-4,x.^3.*(x.*8.751645e+6-x.^2.*8.4672e+5+x.^3.*2.0e+4-1.2706092e+7).*(-1.049365401520258e-7),0.0,0.0,0.0,0.0,0.0,0.0,0.0,0.0,x.^3.*(x.*1.5e+1-1.96e+2).*(-1.0./1.47e+2),x.^3.*(x.*-7.35e+2+x.^2.*3.0e+1+4.802e+3).*2.776620852422602e-4];
mt2 = [x.^3.*(x.*1.620675e+6-x.^2.*1.5288e+5+x.^3.*4.0e+3-4.235364e+6).*(-3.148096204560773e-7),x.^3.*(x.*-1.667674575e+9+x.^2.*2.6773551e+8-x.^3.*1.5778e+7+x.^4.*3.0e+5+2.179094778e+9).*6.118748696911123e-10,0.0,0.0,0.0,0.0,0.0,0.0,0.0,0.0,x.^3.*(x.*-2.205e+3+x.^2.*8.0e+1+7.203e+3).*1.851080568281734e-4];
mt3 = [x.^3.*(x.*1.620675e+6-x.^2.*1.5288e+5+x.^3.*4.0e+3-4.235364e+6).*(-3.148096204560773e-7),x.^3.*(x.*-6.6706983e+8+x.^2.*1.3311144e+8-x.^3.*8.232e+6+x.^4.*1.6e+5+1.089547389e+9).*1.223749739382225e-9];
mt4 = [x.^3.*(x.*9.1055031795e+10-x.^2.*2.769928056e+10+x.^3.*2.996448e+9-x.^4.*1.3104e+8+x.^5.*2.0e+6-9.1521980676e+10).*(-1.456844927835982e-11),0.0,0.0,0.0,0.0,0.0,0.0,0.0,0.0,x.^3.*(x.*8.751645e+6-x.^2.*8.4672e+5+x.^3.*2.0e+4-1.2706092e+7).*(-1.049365401520258e-7)];
mt5 = [x.^3.*(x.*-1.667674575e+9+x.^2.*2.6773551e+8-x.^3.*1.5778e+7+x.^4.*3.0e+5+2.179094778e+9).*6.118748696911123e-10,x.^3.*(x.*9.1055031795e+10-x.^2.*2.769928056e+10+x.^3.*2.996448e+9-x.^4.*1.3104e+8+x.^5.*2.0e+6-9.1521980676e+10).*(-1.456844927835982e-11)];
mt6 = [x.^3.*(x.*-8.3399404891005e+13+x.^2.*3.870539274609e+13-x.^3.*6.365752092e+12+x.^4.*4.7008836e+11-x.^5.*1.5876e+10+x.^6.*2.0e+8+6.0541790217174e+13).*2.202335491815543e-14,0.0,0.0,0.0,0.0,0.0,0.0,0.0,0.0,0.0,0.0,0.0,0.0,0.0,0.0,0.0,0.0,0.0,0.0,0.0,0.0,0.0,0.0,0.0,0.0,0.0,0.0,0.0,0.0,0.0,0.0,0.0,0.0,0.0,0.0,0.0,0.0,0.0,0.0,0.0,0.0,0.0,0.0,0.0,0.0,0.0,0.0,0.0,0.0,0.0,0.0,0.0,0.0,0.0,0.0,0.0,0.0,0.0,0.0,0.0,0.0,0.0,0.0,0.0,0.0,0.0];
mt7 = [0.0,0.0,0.0,0.0,0.0,0.0,0.0,0.0,0.0,0.0,0.0,0.0,0.0,0.0,0.0,0.0,0.0,0.0,0.0,0.0,0.0,0.0,0.0,0.0,0.0,0.0,0.0,0.0,0.0,0.0,0.0,0.0,0.0,0.0,0.0,0.0,0.0,0.0,0.0];
fw = reshape([mt1,mt2,mt3,mt4,mt5,mt6,mt7],12,12);
end
