function symV3 = V3(x)
%V3
%    symV3 = V3(X)

%    This function was generated by the Symbolic Math Toolbox version 24.2.
%    28-Jan-2026 22:46:56

symV3 = [0.0;0.0;0.0;0.0;0.0;-2.0e+1./4.9e+1;x.*2.221296681938081e-1-8.0e+1./4.9e+1;x.*(x.*7.555430890945855e-3-1.110648340969041e-1).*-6.0-(x.*(1.0e+1./1.47e+2)-1.0).*(x.*(2.0e+1./1.47e+2)-2.0).*(4.0e+1./4.9e+1)-(x.*(2.0e+1./1.47e+2)-2.0).*(x.*1.851080568281734e-2-4.0e+1./1.47e+2).*6.0-x.^2.*7.555430890945855e-3+6.0e+1./4.9e+1;0.0;0.0;0.0;0.0];
end
