function K = Lif_proj1(p)
% Auto-generated constant matrix
K = zeros(1,12,20,12);
K(:,:,1,1) = [
  0.000000e+00, 0.000000e+00, 0.000000e+00, 0.000000e+00, 0.000000e+00, 0.000000e+00, 0.000000e+00, 0.000000e+00, 0.000000e+00, 0.000000e+00, 0.000000e+00, 0.000000e+00;
];
K(:,:,1,2) = [
  0.000000e+00, 0.000000e+00, 0.000000e+00, 0.000000e+00, 0.000000e+00, 0.000000e+00, 0.000000e+00, 0.000000e+00, 0.000000e+00, 0.000000e+00, 0.000000e+00, 0.000000e+00;
];
K(:,:,1,3) = [
  0.000000e+00, 0.000000e+00, 0.000000e+00, 0.000000e+00, 0.000000e+00, 0.000000e+00, 0.000000e+00, 0.000000e+00, 0.000000e+00, 0.000000e+00, 0.000000e+00, 0.000000e+00;
];
K(:,:,1,4) = [
  0.000000e+00, 0.000000e+00, 0.000000e+00, 0.000000e+00, 0.000000e+00, 0.000000e+00, 0.000000e+00, 0.000000e+00, 0.000000e+00, 0.000000e+00, 0.000000e+00, 0.000000e+00;
];
K(:,:,1,5) = [
  4.022109e-05, 3.720451e-05, 2.855698e-05, 1.543484e-05, 0.000000e+00, 0.000000e+00, 0.000000e+00, 0.000000e+00, -4.390803e-06, -4.171263e-06, -3.534596e-06, -2.544470e-06;
];
K(:,:,1,6) = [
  3.720451e-05, 3.441417e-05, 2.641520e-05, 1.427723e-05, 0.000000e+00, 0.000000e+00, 0.000000e+00, 0.000000e+00, -4.171263e-06, -3.962699e-06, -3.357866e-06, -2.417247e-06;
];
K(:,:,1,7) = [
  2.855698e-05, 2.641520e-05, 2.027545e-05, 1.095874e-05, 0.000000e+00, 0.000000e+00, 0.000000e+00, 0.000000e+00, -3.534596e-06, -3.357866e-06, -2.845350e-06, -2.048298e-06;
];
K(:,:,1,8) = [
  1.543484e-05, 1.427723e-05, 1.095874e-05, 5.923122e-06, 0.000000e+00, 0.000000e+00, 0.000000e+00, 0.000000e+00, -2.544470e-06, -2.417247e-06, -2.048298e-06, -1.474520e-06;
];
K(:,:,1,9) = [
  0.000000e+00, 0.000000e+00, 0.000000e+00, 0.000000e+00, 0.000000e+00, 0.000000e+00, 0.000000e+00, 0.000000e+00, 0.000000e+00, 0.000000e+00, 0.000000e+00, 0.000000e+00;
];
K(:,:,1,10) = [
  0.000000e+00, 0.000000e+00, 0.000000e+00, 0.000000e+00, 0.000000e+00, 0.000000e+00, 0.000000e+00, 0.000000e+00, 0.000000e+00, 0.000000e+00, 0.000000e+00, 0.000000e+00;
];
K(:,:,1,11) = [
  0.000000e+00, 0.000000e+00, 0.000000e+00, 0.000000e+00, 0.000000e+00, 0.000000e+00, 0.000000e+00, 0.000000e+00, 0.000000e+00, 0.000000e+00, 0.000000e+00, 0.000000e+00;
];
K(:,:,1,12) = [
  0.000000e+00, 0.000000e+00, 0.000000e+00, 0.000000e+00, 0.000000e+00, 0.000000e+00, 0.000000e+00, 0.000000e+00, 0.000000e+00, 0.000000e+00, 0.000000e+00, 0.000000e+00;
];
K(:,:,2,1) = [
  0.000000e+00, 0.000000e+00, 0.000000e+00, 0.000000e+00, 0.000000e+00, 0.000000e+00, 0.000000e+00, 0.000000e+00, 0.000000e+00, 0.000000e+00, 0.000000e+00, 0.000000e+00;
];
K(:,:,2,2) = [
  0.000000e+00, 0.000000e+00, 0.000000e+00, 0.000000e+00, 0.000000e+00, 0.000000e+00, 0.000000e+00, 0.000000e+00, 0.000000e+00, 0.000000e+00, 0.000000e+00, 0.000000e+00;
];
K(:,:,2,3) = [
  0.000000e+00, 0.000000e+00, 0.000000e+00, 0.000000e+00, 0.000000e+00, 0.000000e+00, 0.000000e+00, 0.000000e+00, 0.000000e+00, 0.000000e+00, 0.000000e+00, 0.000000e+00;
];
K(:,:,2,4) = [
  0.000000e+00, 0.000000e+00, 0.000000e+00, 0.000000e+00, 0.000000e+00, 0.000000e+00, 0.000000e+00, 0.000000e+00, 0.000000e+00, 0.000000e+00, 0.000000e+00, 0.000000e+00;
];
K(:,:,2,5) = [
  3.619898e-04, 2.805421e-04, 6.877807e-05, -1.877822e-04, 0.000000e+00, 0.000000e+00, 0.000000e+00, 0.000000e+00, -1.185517e-04, -1.007689e-04, -5.275549e-05, 1.108458e-05;
];
K(:,:,2,6) = [
  2.805421e-04, 2.174201e-04, 5.330300e-05, -1.455312e-04, 0.000000e+00, 0.000000e+00, 0.000000e+00, 0.000000e+00, -1.007689e-04, -8.565358e-05, -4.484217e-05, 9.421894e-06;
];
K(:,:,2,7) = [
  6.877807e-05, 5.330300e-05, 1.306783e-05, -3.567862e-05, 0.000000e+00, 0.000000e+00, 0.000000e+00, 0.000000e+00, -5.275549e-05, -4.484217e-05, -2.347620e-05, 4.932639e-06;
];
K(:,:,2,8) = [
  -1.877822e-04, -1.455312e-04, -3.567862e-05, 9.741203e-05, 0.000000e+00, 0.000000e+00, 0.000000e+00, 0.000000e+00, 1.108458e-05, 9.421894e-06, 4.932639e-06, -1.036408e-06;
];
K(:,:,2,9) = [
  0.000000e+00, 0.000000e+00, 0.000000e+00, 0.000000e+00, 0.000000e+00, 0.000000e+00, 0.000000e+00, 0.000000e+00, 0.000000e+00, 0.000000e+00, 0.000000e+00, 0.000000e+00;
];
K(:,:,2,10) = [
  0.000000e+00, 0.000000e+00, 0.000000e+00, 0.000000e+00, 0.000000e+00, 0.000000e+00, 0.000000e+00, 0.000000e+00, 0.000000e+00, 0.000000e+00, 0.000000e+00, 0.000000e+00;
];
K(:,:,2,11) = [
  0.000000e+00, 0.000000e+00, 0.000000e+00, 0.000000e+00, 0.000000e+00, 0.000000e+00, 0.000000e+00, 0.000000e+00, 0.000000e+00, 0.000000e+00, 0.000000e+00, 0.000000e+00;
];
K(:,:,2,12) = [
  0.000000e+00, 0.000000e+00, 0.000000e+00, 0.000000e+00, 0.000000e+00, 0.000000e+00, 0.000000e+00, 0.000000e+00, 0.000000e+00, 0.000000e+00, 0.000000e+00, 0.000000e+00;
];
K(:,:,3,1) = [
  0.000000e+00, 0.000000e+00, 0.000000e+00, 0.000000e+00, 0.000000e+00, 0.000000e+00, 0.000000e+00, 0.000000e+00, 0.000000e+00, 0.000000e+00, 0.000000e+00, 0.000000e+00;
];
K(:,:,3,2) = [
  0.000000e+00, 0.000000e+00, 0.000000e+00, 0.000000e+00, 0.000000e+00, 0.000000e+00, 0.000000e+00, 0.000000e+00, 0.000000e+00, 0.000000e+00, 0.000000e+00, 0.000000e+00;
];
K(:,:,3,3) = [
  0.000000e+00, 0.000000e+00, 0.000000e+00, 0.000000e+00, 0.000000e+00, 0.000000e+00, 0.000000e+00, 0.000000e+00, 0.000000e+00, 0.000000e+00, 0.000000e+00, 0.000000e+00;
];
K(:,:,3,4) = [
  0.000000e+00, 0.000000e+00, 0.000000e+00, 0.000000e+00, 0.000000e+00, 0.000000e+00, 0.000000e+00, 0.000000e+00, 0.000000e+00, 0.000000e+00, 0.000000e+00, 0.000000e+00;
];
K(:,:,3,5) = [
  1.005527e-03, 6.284546e-04, -2.513818e-04, -1.036950e-03, 0.000000e+00, 0.000000e+00, 0.000000e+00, 0.000000e+00, -5.488503e-04, -4.116378e-04, -6.860629e-05, 3.087283e-04;
];
K(:,:,3,6) = [
  6.284546e-04, 3.927841e-04, -1.571136e-04, -6.480938e-04, 0.000000e+00, 0.000000e+00, 0.000000e+00, 0.000000e+00, -4.116378e-04, -3.087283e-04, -5.145472e-05, 2.315462e-04;
];
K(:,:,3,7) = [
  -2.513818e-04, -1.571136e-04, 6.284546e-05, 2.592375e-04, 0.000000e+00, 0.000000e+00, 0.000000e+00, 0.000000e+00, -6.860629e-05, -5.145472e-05, -8.575787e-06, 3.859104e-05;
];
K(:,:,3,8) = [
  -1.036950e-03, -6.480938e-04, 2.592375e-04, 1.069355e-03, 0.000000e+00, 0.000000e+00, 0.000000e+00, 0.000000e+00, 3.087283e-04, 2.315462e-04, 3.859104e-05, -1.736597e-04;
];
K(:,:,3,9) = [
  0.000000e+00, 0.000000e+00, 0.000000e+00, 0.000000e+00, 0.000000e+00, 0.000000e+00, 0.000000e+00, 0.000000e+00, 0.000000e+00, 0.000000e+00, 0.000000e+00, 0.000000e+00;
];
K(:,:,3,10) = [
  0.000000e+00, 0.000000e+00, 0.000000e+00, 0.000000e+00, 0.000000e+00, 0.000000e+00, 0.000000e+00, 0.000000e+00, 0.000000e+00, 0.000000e+00, 0.000000e+00, 0.000000e+00;
];
K(:,:,3,11) = [
  0.000000e+00, 0.000000e+00, 0.000000e+00, 0.000000e+00, 0.000000e+00, 0.000000e+00, 0.000000e+00, 0.000000e+00, 0.000000e+00, 0.000000e+00, 0.000000e+00, 0.000000e+00;
];
K(:,:,3,12) = [
  0.000000e+00, 0.000000e+00, 0.000000e+00, 0.000000e+00, 0.000000e+00, 0.000000e+00, 0.000000e+00, 0.000000e+00, 0.000000e+00, 0.000000e+00, 0.000000e+00, 0.000000e+00;
];
K(:,:,4,1) = [
  0.000000e+00, 0.000000e+00, 0.000000e+00, 0.000000e+00, 0.000000e+00, 0.000000e+00, 0.000000e+00, 0.000000e+00, 0.000000e+00, 0.000000e+00, 0.000000e+00, 0.000000e+00;
];
K(:,:,4,2) = [
  0.000000e+00, 0.000000e+00, 0.000000e+00, 0.000000e+00, 0.000000e+00, 0.000000e+00, 0.000000e+00, 0.000000e+00, 0.000000e+00, 0.000000e+00, 0.000000e+00, 0.000000e+00;
];
K(:,:,4,3) = [
  0.000000e+00, 0.000000e+00, 0.000000e+00, 0.000000e+00, 0.000000e+00, 0.000000e+00, 0.000000e+00, 0.000000e+00, 0.000000e+00, 0.000000e+00, 0.000000e+00, 0.000000e+00;
];
K(:,:,4,4) = [
  0.000000e+00, 0.000000e+00, 0.000000e+00, 0.000000e+00, 0.000000e+00, 0.000000e+00, 0.000000e+00, 0.000000e+00, 0.000000e+00, 0.000000e+00, 0.000000e+00, 0.000000e+00;
];
K(:,:,4,5) = [
  1.970834e-03, 9.361460e-04, -1.202208e-03, -2.392099e-03, 0.000000e+00, 0.000000e+00, 0.000000e+00, 0.000000e+00, -1.506045e-03, -9.789295e-04, 2.334370e-04, 1.282398e-03;
];
