function K = gyr_massModel(p)
% Auto-generated constant matrix
K = zeros(12,12,12,12);
K(:,:,1,1) = [
  1.391596e-02, -1.339980e-02, 7.861662e-03, 2.038500e-03, 0.000000e+00, 0.000000e+00, 0.000000e+00, 0.000000e+00, 1.225979e-04, -8.653422e-05, 1.382707e-05, 3.634002e-05;
  -1.339980e-02, 1.196139e-02, -5.723415e-03, -2.436222e-03, 0.000000e+00, 0.000000e+00, 0.000000e+00, 0.000000e+00, -3.479494e-04, 2.616459e-04, -7.375232e-05, -8.300919e-05;
  7.861662e-03, -5.723415e-03, -1.241483e-03, 7.085865e-03, 0.000000e+00, 0.000000e+00, 0.000000e+00, 0.000000e+00, 8.603364e-04, -7.009928e-04, 3.098930e-04, 1.085700e-04;
  2.038500e-03, -2.436222e-03, 7.085865e-03, -1.533815e-02, 0.000000e+00, 0.000000e+00, 0.000000e+00, 0.000000e+00, -1.245836e-03, 1.116053e-03, -7.159743e-04, 1.059830e-04;
  0.000000e+00, 0.000000e+00, 0.000000e+00, 0.000000e+00, -6.903824e-03, 6.619227e-03, -3.802668e-03, -1.166493e-03, 0.000000e+00, 0.000000e+00, 0.000000e+00, 0.000000e+00;
  0.000000e+00, 0.000000e+00, 0.000000e+00, 0.000000e+00, 6.619227e-03, -8.540187e-03, 8.976221e-03, -2.779672e-03, 0.000000e+00, 0.000000e+00, 0.000000e+00, 0.000000e+00;
  0.000000e+00, 0.000000e+00, 0.000000e+00, 0.000000e+00, -3.802668e-03, 8.976221e-03, -1.803748e-02, 1.669110e-02, 0.000000e+00, 0.000000e+00, 0.000000e+00, 0.000000e+00;
  0.000000e+00, 0.000000e+00, 0.000000e+00, 0.000000e+00, -1.166493e-03, -2.779672e-03, 1.669110e-02, -3.169164e-02, 0.000000e+00, 0.000000e+00, 0.000000e+00, 0.000000e+00;
  6.129895e-05, -3.308238e-04, 8.944083e-04, -1.268624e-03, 0.000000e+00, 0.000000e+00, 0.000000e+00, 0.000000e+00, 3.373265e-04, -2.225780e-04, 7.935373e-06, 1.121010e-04;
  -4.326711e-05, 2.468830e-04, -7.225809e-04, 1.135038e-03, 0.000000e+00, 0.000000e+00, 0.000000e+00, 0.000000e+00, -2.225780e-04, 1.726310e-04, -5.523848e-05, -5.381415e-05;
  6.913537e-06, -6.606929e-05, 3.075004e-04, -7.237161e-04, 0.000000e+00, 0.000000e+00, 0.000000e+00, 0.000000e+00, 7.935373e-06, -5.523848e-05, 1.108814e-04, -6.725665e-05;
  1.817001e-05, -8.128767e-05, 1.241639e-04, 9.972220e-05, 0.000000e+00, 0.000000e+00, 0.000000e+00, 0.000000e+00, 1.121010e-04, -5.381415e-05, -6.725665e-05, 1.309780e-04;
];
K(:,:,1,2) = [
  -1.339980e-02, 1.733936e-02, -1.840728e-02, 6.131769e-03, 0.000000e+00, 0.000000e+00, 0.000000e+00, 0.000000e+00, -1.126757e-04, 8.755582e-05, -2.996262e-05, -2.333459e-05;
  1.554670e-02, -1.824852e-02, 1.760038e-02, -6.077921e-03, 0.000000e+00, 0.000000e+00, 0.000000e+00, 0.000000e+00, 3.583135e-04, -2.855940e-04, 1.147520e-04, 5.483833e-05;
  -1.417932e-02, 1.436191e-02, -9.893126e-03, 6.230127e-04, 0.000000e+00, 0.000000e+00, 0.000000e+00, 0.000000e+00, -1.007082e-03, 8.348344e-04, -4.090733e-04, -6.568555e-05;
  3.275772e-03, -2.548612e-03, -2.616023e-03, 1.071440e-02, 0.000000e+00, 0.000000e+00, 0.000000e+00, 0.000000e+00, 1.669000e-03, -1.462385e-03, 8.963504e-04, -1.329367e-04;
  0.000000e+00, 0.000000e+00, 0.000000e+00, 0.000000e+00, 6.619227e-03, -6.747533e-03, 4.748268e-03, 7.632471e-05, 0.000000e+00, 0.000000e+00, 0.000000e+00, 0.000000e+00;
  0.000000e+00, 0.000000e+00, 0.000000e+00, 0.000000e+00, -6.747533e-03, 8.908502e-03, -1.001844e-02, 4.266074e-03, 0.000000e+00, 0.000000e+00, 0.000000e+00, 0.000000e+00;
  0.000000e+00, 0.000000e+00, 0.000000e+00, 0.000000e+00, 4.748268e-03, -1.001844e-02, 1.936434e-02, -1.857119e-02, 0.000000e+00, 0.000000e+00, 0.000000e+00, 0.000000e+00;
  0.000000e+00, 0.000000e+00, 0.000000e+00, 0.000000e+00, 7.632471e-05, 4.266074e-03, -1.857119e-02, 3.357232e-02, 0.000000e+00, 0.000000e+00, 0.000000e+00, 0.000000e+00;
  -1.712560e-05, 3.276063e-04, -1.056500e-03, 1.708871e-03, 0.000000e+00, 0.000000e+00, 0.000000e+00, 0.000000e+00, -5.025302e-04, 3.702354e-04, -8.682541e-05, -1.367717e-04;
  1.476290e-05, -2.596061e-04, 8.693879e-04, -1.494774e-03, 0.000000e+00, 0.000000e+00, 0.000000e+00, 0.000000e+00, 3.702354e-04, -2.946778e-04, 1.167318e-04, 6.054034e-05;
  -7.683029e-06, 1.011295e-04, -4.123726e-04, 9.097640e-04, 0.000000e+00, 0.000000e+00, 0.000000e+00, 0.000000e+00, -8.682541e-05, 1.167318e-04, -1.473121e-04, 9.150125e-05;
  -1.721525e-06, 5.340334e-05, -8.513809e-05, -1.251841e-04, 0.000000e+00, 0.000000e+00, 0.000000e+00, 0.000000e+00, -1.367717e-04, 6.054034e-05, 9.150125e-05, -1.718666e-04;
];
K(:,:,1,3) = [
  7.861662e-03, -1.840728e-02, 3.698525e-02, -3.467913e-02, 0.000000e+00, 0.000000e+00, 0.000000e+00, 0.000000e+00, 1.275883e-04, -1.149887e-04, 7.208454e-05, -3.882059e-06;
  -1.417932e-02, 2.407731e-02, -4.034434e-02, 3.626654e-02, 0.000000e+00, 0.000000e+00, 0.000000e+00, 0.000000e+00, -4.327352e-04, 3.814837e-04, -2.322849e-04, 2.066479e-05;
  2.424301e-02, -3.019394e-02, 3.625470e-02, -2.772931e-02, 0.000000e+00, 0.000000e+00, 0.000000e+00, 0.000000e+00, 1.353255e-03, -1.174891e-03, 7.042383e-04, -9.691113e-05;
  -2.075746e-02, 2.114633e-02, -1.561503e-02, 4.736361e-03, 0.000000e+00, 0.000000e+00, 0.000000e+00, 0.000000e+00, -2.590019e-03, 2.252933e-03, -1.387163e-03, 2.981346e-04;
  0.000000e+00, 0.000000e+00, 0.000000e+00, 0.000000e+00, -3.802668e-03, 4.748268e-03, -5.295239e-03, 2.769440e-03, 0.000000e+00, 0.000000e+00, 0.000000e+00, 0.000000e+00;
  0.000000e+00, 0.000000e+00, 0.000000e+00, 0.000000e+00, 4.748268e-03, -6.779973e-03, 9.213932e-03, -6.690011e-03, 0.000000e+00, 0.000000e+00, 0.000000e+00, 0.000000e+00;
  0.000000e+00, 0.000000e+00, 0.000000e+00, 0.000000e+00, -5.295239e-03, 9.213932e-03, -1.646571e-02, 1.739527e-02, 0.000000e+00, 0.000000e+00, 0.000000e+00, 0.000000e+00;
  0.000000e+00, 0.000000e+00, 0.000000e+00, 0.000000e+00, 2.769440e-03, -6.690011e-03, 1.739527e-02, -2.750742e-02, 0.000000e+00, 0.000000e+00, 0.000000e+00, 0.000000e+00;
  -3.407194e-05, -3.707177e-04, 1.425718e-03, -2.666260e-03, 0.000000e+00, 0.000000e+00, 0.000000e+00, 0.000000e+00, 7.983532e-04, -6.783169e-04, 3.401752e-04, 8.521600e-05;
  2.158804e-05, 3.288708e-04, -1.234152e-03, 2.315171e-03, 0.000000e+00, 0.000000e+00, 0.000000e+00, 0.000000e+00, -6.783169e-04, 5.692642e-04, -2.965504e-04, -2.149461e-05;
  2.392564e-06, -2.028836e-04, 7.287636e-04, -1.416512e-03, 0.000000e+00, 0.000000e+00, 0.000000e+00, 0.000000e+00, 3.401752e-04, -2.965504e-04, 2.075944e-04, -1.068996e-04;
  -1.559390e-05, 1.863423e-05, -8.140289e-05, 2.924531e-04, 0.000000e+00, 0.000000e+00, 0.000000e+00, 0.000000e+00, 8.521600e-05, -2.149461e-05, -1.068996e-04, 1.873094e-04;
];
K(:,:,1,4) = [
  2.038500e-03, 6.131769e-03, -3.467913e-02, 6.548867e-02, 0.000000e+00, 0.000000e+00, 0.000000e+00, 0.000000e+00, -1.742772e-04, 1.650005e-04, -1.257490e-04, 4.393417e-05;
  3.275772e-03, -1.313654e-02, 4.274461e-02, -7.094376e-02, 0.000000e+00, 0.000000e+00, 0.000000e+00, 0.000000e+00, 5.640052e-04, -5.263621e-04, 3.911314e-04, -1.395600e-04;
  -2.075746e-02, 3.086344e-02, -5.195787e-02, 6.307216e-02, 0.000000e+00, 0.000000e+00, 0.000000e+00, 0.000000e+00, -1.725335e-03, 1.573551e-03, -1.115924e-03, 3.920857e-04;
  3.854640e-02, -4.372437e-02, 4.362690e-02, -2.851385e-02, 0.000000e+00, 0.000000e+00, 0.000000e+00, 0.000000e+00, 3.407765e-03, -3.030268e-03, 2.023472e-03, -6.638885e-04;
  0.000000e+00, 0.000000e+00, 0.000000e+00, 0.000000e+00, -1.166493e-03, 7.632471e-05, 2.769440e-03, -4.749364e-03, 0.000000e+00, 0.000000e+00, 0.000000e+00, 0.000000e+00;
  0.000000e+00, 0.000000e+00, 0.000000e+00, 0.000000e+00, 7.632471e-05, 7.367649e-04, -3.450975e-03, 6.352937e-03, 0.000000e+00, 0.000000e+00, 0.000000e+00, 0.000000e+00;
  0.000000e+00, 0.000000e+00, 0.000000e+00, 0.000000e+00, 2.769440e-03, -3.450975e-03, 5.280984e-03, -8.062152e-03, 0.000000e+00, 0.000000e+00, 0.000000e+00, 0.000000e+00;
  0.000000e+00, 0.000000e+00, 0.000000e+00, 0.000000e+00, -4.749364e-03, 6.352937e-03, -8.062152e-03, 7.824435e-03, 0.000000e+00, 0.000000e+00, 0.000000e+00, 0.000000e+00;
  2.278814e-05, 4.752828e-04, -1.795044e-03, 3.506474e-03, 0.000000e+00, 0.000000e+00, 0.000000e+00, 0.000000e+00, -9.172773e-04, 8.829399e-04, -6.784045e-04, 1.996211e-04;
  -1.898444e-05, -4.483998e-04, 1.643017e-03, -3.115921e-03, 0.000000e+00, 0.000000e+00, 0.000000e+00, 0.000000e+00, 8.829399e-04, -7.978409e-04, 5.412805e-04, -1.450540e-04;
  7.741800e-06, 3.413823e-04, -1.172245e-03, 2.075923e-03, 0.000000e+00, 0.000000e+00, 0.000000e+00, 0.000000e+00, -6.784045e-04, 5.412805e-04, -2.644904e-04, 5.346765e-05;
  6.260849e-06, -1.267255e-04, 4.081557e-04, -6.746080e-04, 0.000000e+00, 0.000000e+00, 0.000000e+00, 0.000000e+00, 1.996211e-04, -1.450540e-04, 5.346765e-05, -3.144752e-05;
];
K(:,:,1,5) = [
  0.000000e+00, 0.000000e+00, 0.000000e+00, 0.000000e+00, 1.389009e-02, -1.336126e-02, 7.800432e-03, 2.108850e-03, 0.000000e+00, 0.000000e+00, 0.000000e+00, 0.000000e+00;
  0.000000e+00, 0.000000e+00, 0.000000e+00, 0.000000e+00, -1.336126e-02, 1.369218e-02, -9.842719e-03, 2.830255e-04, 0.000000e+00, 0.000000e+00, 0.000000e+00, 0.000000e+00;
  0.000000e+00, 0.000000e+00, 0.000000e+00, 0.000000e+00, 7.800432e-03, -9.842719e-03, 1.128331e-02, -6.525960e-03, 0.000000e+00, 0.000000e+00, 0.000000e+00, 0.000000e+00;
  0.000000e+00, 0.000000e+00, 0.000000e+00, 0.000000e+00, 2.108850e-03, 2.830255e-04, -6.525960e-03, 1.110109e-02, 0.000000e+00, 0.000000e+00, 0.000000e+00, 0.000000e+00;
  6.903824e-03, -6.619227e-03, 3.802668e-03, 1.166493e-03, 0.000000e+00, 0.000000e+00, 0.000000e+00, 0.000000e+00, 6.129895e-05, -4.326711e-05, 6.913537e-06, 1.817001e-05;
  -6.619227e-03, 6.747533e-03, -4.748268e-03, -7.632471e-05, 0.000000e+00, 0.000000e+00, 0.000000e+00, 0.000000e+00, -1.739747e-04, 1.308229e-04, -3.687616e-05, -4.150460e-05;
  3.802668e-03, -4.748268e-03, 5.295239e-03, -2.769440e-03, 0.000000e+00, 0.000000e+00, 0.000000e+00, 0.000000e+00, 4.301682e-04, -3.504964e-04, 1.549465e-04, 5.428499e-05;
  1.166493e-03, -7.632471e-05, -2.769440e-03, 4.749364e-03, 0.000000e+00, 0.000000e+00, 0.000000e+00, 0.000000e+00, -6.229179e-04, 5.580265e-04, -3.579871e-04, 5.299152e-05;
  0.000000e+00, 0.000000e+00, 0.000000e+00, 0.000000e+00, -1.225979e-04, -4.417335e-05, 4.094276e-04, -6.774280e-04, 0.000000e+00, 0.000000e+00, 0.000000e+00, 0.000000e+00;
  0.000000e+00, 0.000000e+00, 0.000000e+00, 0.000000e+00, 8.653422e-05, 2.850421e-05, -3.128508e-04, 5.830827e-04, 0.000000e+00, 0.000000e+00, 0.000000e+00, 0.000000e+00;
  0.000000e+00, 0.000000e+00, 0.000000e+00, 0.000000e+00, -1.382707e-05, 7.694923e-07, 9.842448e-05, -3.232438e-04, 0.000000e+00, 0.000000e+00, 0.000000e+00, 0.000000e+00;
  0.000000e+00, 0.000000e+00, 0.000000e+00, 0.000000e+00, -3.634002e-05, -1.644848e-05, 8.902836e-05, -1.329778e-05, 0.000000e+00, 0.000000e+00, 0.000000e+00, 0.000000e+00;
];
K(:,:,1,6) = [
  0.000000e+00, 0.000000e+00, 0.000000e+00, 0.000000e+00, -1.336126e-02, 1.727749e-02, -1.829863e-02, 5.995019e-03, 0.000000e+00, 0.000000e+00, 0.000000e+00, 0.000000e+00;
  0.000000e+00, 0.000000e+00, 0.000000e+00, 0.000000e+00, 1.369218e-02, -1.814544e-02, 2.064727e-02, -9.350392e-03, 0.000000e+00, 0.000000e+00, 0.000000e+00, 0.000000e+00;
  0.000000e+00, 0.000000e+00, 0.000000e+00, 0.000000e+00, -9.842719e-03, 1.417034e-02, -1.965756e-02, 1.517863e-02, 0.000000e+00, 0.000000e+00, 0.000000e+00, 0.000000e+00;
  0.000000e+00, 0.000000e+00, 0.000000e+00, 0.000000e+00, 2.830255e-04, -2.291774e-03, 8.700555e-03, -1.559725e-02, 0.000000e+00, 0.000000e+00, 0.000000e+00, 0.000000e+00;
  -6.619227e-03, 6.747533e-03, -4.748268e-03, -7.632471e-05, 0.000000e+00, 0.000000e+00, 0.000000e+00, 0.000000e+00, -1.712560e-05, 1.476290e-05, -7.683029e-06, -1.721525e-06;
  8.540187e-03, -8.908502e-03, 6.779973e-03, -7.367649e-04, 0.000000e+00, 0.000000e+00, 0.000000e+00, 0.000000e+00, 7.509171e-05, -6.204442e-05, 2.932521e-05, 7.307219e-06;
  -8.976221e-03, 1.001844e-02, -9.213932e-03, 3.450975e-03, 0.000000e+00, 0.000000e+00, 0.000000e+00, 0.000000e+00, -2.662536e-04, 2.207502e-04, -1.094415e-04, -1.388938e-05;
  2.779672e-03, -4.266074e-03, 6.690011e-03, -6.352937e-03, 0.000000e+00, 0.000000e+00, 0.000000e+00, 0.000000e+00, 5.205014e-04, -4.476925e-04, 2.590932e-04, -2.493913e-05;
  0.000000e+00, 0.000000e+00, 0.000000e+00, 0.000000e+00, 2.695248e-04, -1.432870e-04, -1.994148e-04, 5.853406e-04, 0.000000e+00, 0.000000e+00, 0.000000e+00, 0.000000e+00;
  0.000000e+00, 0.000000e+00, 0.000000e+00, 0.000000e+00, -2.036159e-04, 1.147002e-04, 1.439804e-04, -4.750456e-04, 0.000000e+00, 0.000000e+00, 0.000000e+00, 0.000000e+00;
  0.000000e+00, 0.000000e+00, 0.000000e+00, 0.000000e+00, 5.915575e-05, -4.744458e-05, -2.688872e-05, 2.107967e-04, 0.000000e+00, 0.000000e+00, 0.000000e+00, 0.000000e+00;
  0.000000e+00, 0.000000e+00, 0.000000e+00, 0.000000e+00, 6.311766e-05, -2.004583e-05, -6.218595e-05, 6.484296e-05, 0.000000e+00, 0.000000e+00, 0.000000e+00, 0.000000e+00;
];
K(:,:,1,7) = [
  0.000000e+00, 0.000000e+00, 0.000000e+00, 0.000000e+00, 7.800432e-03, -1.829863e-02, 3.676780e-02, -3.436929e-02, 0.000000e+00, 0.000000e+00, 0.000000e+00, 0.000000e+00;
  0.000000e+00, 0.000000e+00, 0.000000e+00, 0.000000e+00, -9.842719e-03, 2.064727e-02, -3.995837e-02, 3.894098e-02, 0.000000e+00, 0.000000e+00, 0.000000e+00, 0.000000e+00;
  0.000000e+00, 0.000000e+00, 0.000000e+00, 0.000000e+00, 1.128331e-02, -1.965756e-02, 3.546076e-02, -3.863628e-02, 0.000000e+00, 0.000000e+00, 0.000000e+00, 0.000000e+00;
  0.000000e+00, 0.000000e+00, 0.000000e+00, 0.000000e+00, -6.525960e-03, 8.700555e-03, -1.440771e-02, 2.225629e-02, 0.000000e+00, 0.000000e+00, 0.000000e+00, 0.000000e+00;
  3.802668e-03, -4.748268e-03, 5.295239e-03, -2.769440e-03, 0.000000e+00, 0.000000e+00, 0.000000e+00, 0.000000e+00, -3.407194e-05, 2.158804e-05, 2.392564e-06, -1.559390e-05;
  -8.976221e-03, 1.001844e-02, -9.213932e-03, 3.450975e-03, 0.000000e+00, 0.000000e+00, 0.000000e+00, 0.000000e+00, 7.663769e-05, -4.950838e-05, -4.696972e-06, 3.799678e-05;
  1.803748e-02, -1.936434e-02, 1.646571e-02, -5.280984e-03, 0.000000e+00, 0.000000e+00, 0.000000e+00, 0.000000e+00, -8.779888e-05, 5.693165e-05, 1.073023e-05, -6.147784e-05;
  -1.669110e-02, 1.857119e-02, -1.739527e-02, 8.062152e-03, 0.000000e+00, 0.000000e+00, 0.000000e+00, 0.000000e+00, -1.350741e-04, 1.029838e-04, -4.455803e-05, 1.292717e-05;
  0.000000e+00, 0.000000e+00, 0.000000e+00, 0.000000e+00, -5.190527e-04, 4.863678e-04, -2.968748e-04, -1.702097e-04, 0.000000e+00, 0.000000e+00, 0.000000e+00, 0.000000e+00;
  0.000000e+00, 0.000000e+00, 0.000000e+00, 0.000000e+00, 4.313181e-04, -3.965367e-04, 2.442289e-04, 1.065734e-04, 0.000000e+00, 0.000000e+00, 0.000000e+00, 0.000000e+00;
  0.000000e+00, 0.000000e+00, 0.000000e+00, 0.000000e+00, -2.066834e-04, 1.826003e-04, -1.236326e-04, 1.768171e-05, 0.000000e+00, 0.000000e+00, 0.000000e+00, 0.000000e+00;
  0.000000e+00, 0.000000e+00, 0.000000e+00, 0.000000e+00, -5.072941e-05, 4.158637e-05, 7.619114e-07, -9.125868e-05, 0.000000e+00, 0.000000e+00, 0.000000e+00, 0.000000e+00;
];
K(:,:,1,8) = [
  0.000000e+00, 0.000000e+00, 0.000000e+00, 0.000000e+00, 2.108850e-03, 5.995019e-03, -3.436929e-02, 6.498564e-02, 0.000000e+00, 0.000000e+00, 0.000000e+00, 0.000000e+00;
  0.000000e+00, 0.000000e+00, 0.000000e+00, 0.000000e+00, 2.830255e-04, -9.350392e-03, 3.894098e-02, -7.003602e-02, 0.000000e+00, 0.000000e+00, 0.000000e+00, 0.000000e+00;
  0.000000e+00, 0.000000e+00, 0.000000e+00, 0.000000e+00, -6.525960e-03, 1.517863e-02, -3.863628e-02, 6.114682e-02, 0.000000e+00, 0.000000e+00, 0.000000e+00, 0.000000e+00;
  0.000000e+00, 0.000000e+00, 0.000000e+00, 0.000000e+00, 1.110109e-02, -1.559725e-02, 2.225629e-02, -2.543923e-02, 0.000000e+00, 0.000000e+00, 0.000000e+00, 0.000000e+00;
  1.166493e-03, -7.632471e-05, -2.769440e-03, 4.749364e-03, 0.000000e+00, 0.000000e+00, 0.000000e+00, 0.000000e+00, 2.278814e-05, -1.898444e-05, 7.741800e-06, 6.260849e-06;
  2.779672e-03, -4.266074e-03, 6.690011e-03, -6.352937e-03, 0.000000e+00, 0.000000e+00, 0.000000e+00, 0.000000e+00, -9.629264e-05, 7.549469e-05, -2.509761e-05, -2.570986e-05;
  -1.669110e-02, 1.857119e-02, -1.739527e-02, 8.062152e-03, 0.000000e+00, 0.000000e+00, 0.000000e+00, 0.000000e+00, 3.005337e-04, -2.330932e-04, 7.757544e-05, 7.077845e-05;
  3.169164e-02, -3.357232e-02, 2.750742e-02, -7.824435e-03, 0.000000e+00, 0.000000e+00, 0.000000e+00, 0.000000e+00, -4.071314e-04, 3.304928e-04, -1.448688e-04, -5.510556e-05;
  0.000000e+00, 0.000000e+00, 0.000000e+00, 0.000000e+00, 6.139842e-04, -6.482475e-04, 7.010060e-04, -5.201514e-04, 0.000000e+00, 0.000000e+00, 0.000000e+00, 0.000000e+00;
  0.000000e+00, 0.000000e+00, 0.000000e+00, 0.000000e+00, -5.709393e-04, 5.713289e-04, -5.655807e-04, 4.195042e-04, 0.000000e+00, 0.000000e+00, 0.000000e+00, 0.000000e+00;
  0.000000e+00, 0.000000e+00, 0.000000e+00, 0.000000e+00, 4.082141e-04, -3.575850e-04, 2.619487e-04, -1.912034e-04, 0.000000e+00, 0.000000e+00, 0.000000e+00, 0.000000e+00;
  0.000000e+00, 0.000000e+00, 0.000000e+00, 0.000000e+00, -1.067591e-04, 6.330149e-05, 2.444388e-05, -2.581574e-05, 0.000000e+00, 0.000000e+00, 0.000000e+00, 0.000000e+00;
];
K(:,:,1,9) = [
  0.000000e+00, -7.842455e-05, 1.957322e-04, -2.198535e-04, 0.000000e+00, 0.000000e+00, 0.000000e+00, 0.000000e+00, 0.000000e+00, 0.000000e+00, 0.000000e+00, 0.000000e+00;
  2.710505e-20, 2.081300e-04, -5.860106e-04, 7.565905e-04, 0.000000e+00, 0.000000e+00, 0.000000e+00, 0.000000e+00, 0.000000e+00, 0.000000e+00, 0.000000e+00, 0.000000e+00;
  -6.776264e-21, -4.745751e-04, 1.528853e-03, -2.326402e-03, 0.000000e+00, 0.000000e+00, 0.000000e+00, 0.000000e+00, 0.000000e+00, 0.000000e+00, 0.000000e+00, 0.000000e+00;
  -6.776264e-21, 6.279974e-04, -2.319871e-03, 4.222028e-03, 0.000000e+00, 0.000000e+00, 0.000000e+00, 0.000000e+00, 0.000000e+00, 0.000000e+00, 0.000000e+00, 0.000000e+00;
  0.000000e+00, 0.000000e+00, 0.000000e+00, 0.000000e+00, -6.129895e-05, 1.712560e-05, 3.407194e-05, -2.278814e-05, 0.000000e+00, 0.000000e+00, 0.000000e+00, 0.000000e+00;
  0.000000e+00, 0.000000e+00, 0.000000e+00, 0.000000e+00, 1.739747e-04, -7.509171e-05, -7.663769e-05, 9.629264e-05, 0.000000e+00, 0.000000e+00, 0.000000e+00, 0.000000e+00;
  0.000000e+00, 0.000000e+00, 0.000000e+00, 0.000000e+00, -4.301682e-04, 2.662536e-04, 8.779888e-05, -3.005337e-04, 0.000000e+00, 0.000000e+00, 0.000000e+00, 0.000000e+00;
  0.000000e+00, 0.000000e+00, 0.000000e+00, 0.000000e+00, 6.229179e-04, -5.205014e-04, 1.350741e-04, 4.071314e-04, 0.000000e+00, 0.000000e+00, 0.000000e+00, 0.000000e+00;
  0.000000e+00, 0.000000e+00, 0.000000e+00, 0.000000e+00, 0.000000e+00, 0.000000e+00, 0.000000e+00, 0.000000e+00, 4.597421e-05, -3.245033e-05, 5.185152e-06, 1.362751e-05;
  0.000000e+00, 0.000000e+00, 0.000000e+00, 0.000000e+00, 0.000000e+00, 0.000000e+00, 0.000000e+00, 0.000000e+00, -3.245033e-05, 2.557968e-05, -9.411413e-06, -6.264028e-06;
  0.000000e+00, 0.000000e+00, 0.000000e+00, 0.000000e+00, 0.000000e+00, 0.000000e+00, 0.000000e+00, 0.000000e+00, 5.185152e-06, -9.411413e-06, 1.413050e-05, -8.685842e-06;
  0.000000e+00, 0.000000e+00, 0.000000e+00, 0.000000e+00, 0.000000e+00, 0.000000e+00, 0.000000e+00, 0.000000e+00, 1.362751e-05, -6.264028e-06, -8.685842e-06, 1.657232e-05;
];
K(:,:,1,10) = [
  0.000000e+00, 5.803002e-05, -1.581647e-04, 2.029694e-04, 0.000000e+00, 0.000000e+00, 0.000000e+00, 0.000000e+00, 0.000000e+00, 0.000000e+00, 0.000000e+00, 0.000000e+00;
  0.000000e+00, -1.615052e-04, 4.805005e-04, -6.773515e-04, 0.000000e+00, 0.000000e+00, 0.000000e+00, 0.000000e+00, 0.000000e+00, 0.000000e+00, 0.000000e+00, 0.000000e+00;
  2.032879e-20, 3.933340e-04, -1.288754e-03, 2.039738e-03, 0.000000e+00, 0.000000e+00, 0.000000e+00, 0.000000e+00, 0.000000e+00, 0.000000e+00, 0.000000e+00, 0.000000e+00;
  1.016440e-20, -5.669995e-04, 2.046966e-03, -3.691254e-03, 0.000000e+00, 0.000000e+00, 0.000000e+00, 0.000000e+00, 0.000000e+00, 0.000000e+00, 0.000000e+00, 0.000000e+00;
  0.000000e+00, 0.000000e+00, 0.000000e+00, 0.000000e+00, 4.326711e-05, -1.476290e-05, -2.158804e-05, 1.898444e-05, 0.000000e+00, 0.000000e+00, 0.000000e+00, 0.000000e+00;
  0.000000e+00, 0.000000e+00, 0.000000e+00, 0.000000e+00, -1.308229e-04, 6.204442e-05, 4.950838e-05, -7.549469e-05, 0.000000e+00, 0.000000e+00, 0.000000e+00, 0.000000e+00;
  0.000000e+00, 0.000000e+00, 0.000000e+00, 0.000000e+00, 3.504964e-04, -2.207502e-04, -5.693165e-05, 2.330932e-04, 0.000000e+00, 0.000000e+00, 0.000000e+00, 0.000000e+00;
  0.000000e+00, 0.000000e+00, 0.000000e+00, 0.000000e+00, -5.580265e-04, 4.476925e-04, -1.029838e-04, -3.304928e-04, 0.000000e+00, 0.000000e+00, 0.000000e+00, 0.000000e+00;
  0.000000e+00, 0.000000e+00, 0.000000e+00, 0.000000e+00, 0.000000e+00, 0.000000e+00, 0.000000e+00, 0.000000e+00, -3.245033e-05, 2.557968e-05, -9.411413e-06, -6.264028e-06;
  0.000000e+00, 0.000000e+00, 0.000000e+00, 0.000000e+00, 0.000000e+00, 0.000000e+00, 0.000000e+00, 0.000000e+00, 2.557968e-05, -2.093087e-05, 9.657827e-06, 2.470833e-06;
  0.000000e+00, 0.000000e+00, 0.000000e+00, 0.000000e+00, 0.000000e+00, 0.000000e+00, 0.000000e+00, 0.000000e+00, -9.411413e-06, 9.657827e-06, -9.048628e-06, 5.154148e-06;
  0.000000e+00, 0.000000e+00, 0.000000e+00, 0.000000e+00, 0.000000e+00, 0.000000e+00, 0.000000e+00, 0.000000e+00, -6.264028e-06, 2.470833e-06, 5.154148e-06, -9.439574e-06;
];
K(:,:,1,11) = [
  0.000000e+00, -1.459657e-05, 6.729941e-05, -1.412326e-04, 0.000000e+00, 0.000000e+00, 0.000000e+00, 0.000000e+00, 0.000000e+00, 0.000000e+00, 0.000000e+00, 0.000000e+00;
  -6.776264e-21, 5.610163e-05, -2.228910e-04, 4.413266e-04, 0.000000e+00, 0.000000e+00, 0.000000e+00, 0.000000e+00, 0.000000e+00, 0.000000e+00, 0.000000e+00, 0.000000e+00;
  -1.355253e-20, -1.901903e-04, 6.827778e-04, -1.271075e-03, 0.000000e+00, 0.000000e+00, 0.000000e+00, 0.000000e+00, 0.000000e+00, 0.000000e+00, 0.000000e+00, 0.000000e+00;
  -6.776264e-21, 3.781639e-04, -1.298047e-03, 2.313210e-03, 0.000000e+00, 0.000000e+00, 0.000000e+00, 0.000000e+00, 0.000000e+00, 0.000000e+00, 0.000000e+00, 0.000000e+00;
  0.000000e+00, 0.000000e+00, 0.000000e+00, 0.000000e+00, -6.913537e-06, 7.683029e-06, -2.392564e-06, -7.741800e-06, 0.000000e+00, 0.000000e+00, 0.000000e+00, 0.000000e+00;
  0.000000e+00, 0.000000e+00, 0.000000e+00, 0.000000e+00, 3.687616e-05, -2.932521e-05, 4.696972e-06, 2.509761e-05, 0.000000e+00, 0.000000e+00, 0.000000e+00, 0.000000e+00;
  0.000000e+00, 0.000000e+00, 0.000000e+00, 0.000000e+00, -1.549465e-04, 1.094415e-04, -1.073023e-05, -7.757544e-05, 0.000000e+00, 0.000000e+00, 0.000000e+00, 0.000000e+00;
  0.000000e+00, 0.000000e+00, 0.000000e+00, 0.000000e+00, 3.579871e-04, -2.590932e-04, 4.455803e-05, 1.448688e-04, 0.000000e+00, 0.000000e+00, 0.000000e+00, 0.000000e+00;
  0.000000e+00, 0.000000e+00, 0.000000e+00, 0.000000e+00, 0.000000e+00, 0.000000e+00, 0.000000e+00, 0.000000e+00, 5.185152e-06, -9.411413e-06, 1.413050e-05, -8.685842e-06;
  0.000000e+00, 0.000000e+00, 0.000000e+00, 0.000000e+00, 0.000000e+00, 0.000000e+00, 0.000000e+00, 0.000000e+00, -9.411413e-06, 9.657827e-06, -9.048628e-06, 5.154148e-06;
  0.000000e+00, 0.000000e+00, 0.000000e+00, 0.000000e+00, 0.000000e+00, 0.000000e+00, 0.000000e+00, 0.000000e+00, 1.413050e-05, -9.048628e-06, 6.814737e-07, 1.717101e-06;
  0.000000e+00, 0.000000e+00, 0.000000e+00, 0.000000e+00, 0.000000e+00, 0.000000e+00, 0.000000e+00, 0.000000e+00, -8.685842e-06, 5.154148e-06, 1.717101e-06, -4.702505e-06;
];
K(:,:,1,12) = [
  0.000000e+00, -1.989154e-05, 2.730574e-05, 3.141248e-05, 0.000000e+00, 0.000000e+00, 0.000000e+00, 0.000000e+00, 0.000000e+00, 0.000000e+00, 0.000000e+00, 0.000000e+00;
  -6.776264e-21, 4.022390e-05, -5.532877e-05, -8.814031e-05, 0.000000e+00, 0.000000e+00, 0.000000e+00, 0.000000e+00, 0.000000e+00, 0.000000e+00, 0.000000e+00, 0.000000e+00;
  0.000000e+00, -3.790679e-05, 2.604454e-05, 2.505288e-04, 0.000000e+00, 0.000000e+00, 0.000000e+00, 0.000000e+00, 0.000000e+00, 0.000000e+00, 0.000000e+00, 0.000000e+00;
  1.355253e-20, -8.305847e-05, 2.722802e-04, -5.536774e-04, 0.000000e+00, 0.000000e+00, 0.000000e+00, 0.000000e+00, 0.000000e+00, 0.000000e+00, 0.000000e+00, 0.000000e+00;
  0.000000e+00, 0.000000e+00, 0.000000e+00, 0.000000e+00, -1.817001e-05, 1.721525e-06, 1.559390e-05, -6.260849e-06, 0.000000e+00, 0.000000e+00, 0.000000e+00, 0.000000e+00;
  0.000000e+00, 0.000000e+00, 0.000000e+00, 0.000000e+00, 4.150460e-05, -7.307219e-06, -3.799678e-05, 2.570986e-05, 0.000000e+00, 0.000000e+00, 0.000000e+00, 0.000000e+00;
  0.000000e+00, 0.000000e+00, 0.000000e+00, 0.000000e+00, -5.428499e-05, 1.388938e-05, 6.147784e-05, -7.077845e-05, 0.000000e+00, 0.000000e+00, 0.000000e+00, 0.000000e+00;
  0.000000e+00, 0.000000e+00, 0.000000e+00, 0.000000e+00, -5.299152e-05, 2.493913e-05, -1.292717e-05, 5.510556e-05, 0.000000e+00, 0.000000e+00, 0.000000e+00, 0.000000e+00;
  0.000000e+00, 0.000000e+00, 0.000000e+00, 0.000000e+00, 0.000000e+00, 0.000000e+00, 0.000000e+00, 0.000000e+00, 1.362751e-05, -6.264028e-06, -8.685842e-06, 1.657232e-05;
  0.000000e+00, 0.000000e+00, 0.000000e+00, 0.000000e+00, 0.000000e+00, 0.000000e+00, 0.000000e+00, 0.000000e+00, -6.264028e-06, 2.470833e-06, 5.154148e-06, -9.439574e-06;
  0.000000e+00, 0.000000e+00, 0.000000e+00, 0.000000e+00, 0.000000e+00, 0.000000e+00, 0.000000e+00, 0.000000e+00, -8.685842e-06, 5.154148e-06, 1.717101e-06, -4.702505e-06;
  0.000000e+00, 0.000000e+00, 0.000000e+00, 0.000000e+00, 0.000000e+00, 0.000000e+00, 0.000000e+00, 0.000000e+00, 1.657232e-05, -9.439574e-06, -4.702505e-06, 1.269890e-05;
];
K(:,:,2,1) = [
  -1.339980e-02, 1.554670e-02, -1.417932e-02, 3.275772e-03, 0.000000e+00, 0.000000e+00, 0.000000e+00, 0.000000e+00, -1.126757e-04, 8.755582e-05, -2.996262e-05, -2.333459e-05;
  1.733936e-02, -1.824852e-02, 1.436191e-02, -2.548612e-03, 0.000000e+00, 0.000000e+00, 0.000000e+00, 0.000000e+00, 3.583135e-04, -2.855940e-04, 1.147520e-04, 5.483833e-05;
  -1.840728e-02, 1.760038e-02, -9.893126e-03, -2.616023e-03, 0.000000e+00, 0.000000e+00, 0.000000e+00, 0.000000e+00, -1.007082e-03, 8.348344e-04, -4.090733e-04, -6.568555e-05;
  6.131769e-03, -6.077921e-03, 6.230127e-04, 1.071440e-02, 0.000000e+00, 0.000000e+00, 0.000000e+00, 0.000000e+00, 1.669000e-03, -1.462385e-03, 8.963504e-04, -1.329367e-04;
  0.000000e+00, 0.000000e+00, 0.000000e+00, 0.000000e+00, 6.619227e-03, -6.747533e-03, 4.748268e-03, 7.632471e-05, 0.000000e+00, 0.000000e+00, 0.000000e+00, 0.000000e+00;
  0.000000e+00, 0.000000e+00, 0.000000e+00, 0.000000e+00, -6.747533e-03, 8.908502e-03, -1.001844e-02, 4.266074e-03, 0.000000e+00, 0.000000e+00, 0.000000e+00, 0.000000e+00;
  0.000000e+00, 0.000000e+00, 0.000000e+00, 0.000000e+00, 4.748268e-03, -1.001844e-02, 1.936434e-02, -1.857119e-02, 0.000000e+00, 0.000000e+00, 0.000000e+00, 0.000000e+00;
  0.000000e+00, 0.000000e+00, 0.000000e+00, 0.000000e+00, 7.632471e-05, 4.266074e-03, -1.857119e-02, 3.357232e-02, 0.000000e+00, 0.000000e+00, 0.000000e+00, 0.000000e+00;
  6.129895e-05, 2.832217e-04, -1.083720e-03, 1.765293e-03, 0.000000e+00, 0.000000e+00, 0.000000e+00, 0.000000e+00, -5.025302e-04, 3.702354e-04, -8.682541e-05, -1.367717e-04;
  -4.326711e-05, -2.235496e-04, 8.843428e-04, -1.537879e-03, 0.000000e+00, 0.000000e+00, 0.000000e+00, 0.000000e+00, 3.702354e-04, -2.946778e-04, 1.167318e-04, 6.054034e-05;
  6.913537e-06, 8.542684e-05, -4.043763e-04, 9.214480e-04, 0.000000e+00, 0.000000e+00, 0.000000e+00, 0.000000e+00, -8.682541e-05, 1.167318e-04, -1.473121e-04, 9.150125e-05;
  1.817001e-05, 4.753112e-05, -1.036823e-04, -1.072269e-04, 0.000000e+00, 0.000000e+00, 0.000000e+00, 0.000000e+00, -1.367717e-04, 6.054034e-05, 9.150125e-05, -1.718666e-04;
];
K(:,:,2,2) = [
  1.196139e-02, -1.824852e-02, 2.407731e-02, -1.313654e-02, 0.000000e+00, 0.000000e+00, 0.000000e+00, 0.000000e+00, 6.141431e-05, -5.197584e-05, 2.724510e-05, 2.869996e-06;
  -1.824852e-02, 2.456151e-02, -2.913920e-02, 1.547296e-02, 0.000000e+00, 0.000000e+00, 0.000000e+00, 0.000000e+00, -2.612250e-04, 2.186698e-04, -1.114310e-04, -1.222156e-05;
  2.407731e-02, -2.913920e-02, 2.906913e-02, -1.176478e-02, 0.000000e+00, 0.000000e+00, 0.000000e+00, 0.000000e+00, 9.285041e-04, -7.842928e-04, 4.197327e-04, 8.110200e-06;
  -1.313654e-02, 1.547296e-02, -1.176478e-02, -4.236679e-03, 0.000000e+00, 0.000000e+00, 0.000000e+00, 0.000000e+00, -1.863579e-03, 1.617085e-03, -9.680407e-04, 1.388655e-04;
  0.000000e+00, 0.000000e+00, 0.000000e+00, 0.000000e+00, -8.540187e-03, 8.908502e-03, -6.779973e-03, 7.367649e-04, 0.000000e+00, 0.000000e+00, 0.000000e+00, 0.000000e+00;
  0.000000e+00, 0.000000e+00, 0.000000e+00, 0.000000e+00, 8.908502e-03, -1.191224e-02, 1.385860e-02, -6.740674e-03, 0.000000e+00, 0.000000e+00, 0.000000e+00, 0.000000e+00;
  0.000000e+00, 0.000000e+00, 0.000000e+00, 0.000000e+00, -6.779973e-03, 1.385860e-02, -2.650382e-02, 2.590277e-02, 0.000000e+00, 0.000000e+00, 0.000000e+00, 0.000000e+00;
  0.000000e+00, 0.000000e+00, 0.000000e+00, 0.000000e+00, 7.367649e-04, -6.740674e-03, 2.590277e-02, -4.565401e-02, 0.000000e+00, 0.000000e+00, 0.000000e+00, 0.000000e+00;
  -2.218074e-04, -1.306125e-04, 1.041086e-03, -2.024967e-03, 0.000000e+00, 0.000000e+00, 0.000000e+00, 0.000000e+00, 8.066183e-04, -6.271345e-04, 2.185105e-04, 1.591964e-04;
  1.715738e-04, 1.093349e-04, -8.630026e-04, 1.745875e-03, 0.000000e+00, 0.000000e+00, 0.000000e+00, 0.000000e+00, -6.271345e-04, 5.125644e-04, -2.339690e-04, -6.422303e-05;
  -5.818174e-05, -5.571550e-05, 4.260179e-04, -1.017928e-03, 0.000000e+00, 0.000000e+00, 0.000000e+00, 0.000000e+00, 2.185105e-04, -2.339690e-04, 2.298309e-04, -1.292453e-04;
  -4.466112e-05, -6.110780e-06, 5.649179e-05, 1.068304e-04, 0.000000e+00, 0.000000e+00, 0.000000e+00, 0.000000e+00, 1.591964e-04, -6.422303e-05, -1.292453e-04, 2.383756e-04;
];
K(:,:,2,3) = [
  -5.723415e-03, 1.760038e-02, -4.034434e-02, 4.274461e-02, 0.000000e+00, 0.000000e+00, 0.000000e+00, 0.000000e+00, -1.259944e-05, 1.805936e-05, -2.610201e-05, 2.148310e-05;
  1.436191e-02, -2.913920e-02, 5.590671e-02, -5.613031e-02, 0.000000e+00, 0.000000e+00, 0.000000e+00, 0.000000e+00, 1.452496e-04, -1.424888e-04, 1.202675e-04, -5.813731e-05;
  -3.019394e-02, 4.696085e-02, -7.164881e-02, 6.290098e-02, 0.000000e+00, 0.000000e+00, 0.000000e+00, 0.000000e+00, -7.973400e-04, 7.170388e-04, -4.857420e-04, 1.440649e-04;
  3.086344e-02, -4.134180e-02, 4.917237e-02, -2.973683e-02, 0.000000e+00, 0.000000e+00, 0.000000e+00, 0.000000e+00, 2.156086e-03, -1.886135e-03, 1.178296e-03, -2.676990e-04;
  0.000000e+00, 0.000000e+00, 0.000000e+00, 0.000000e+00, 8.976221e-03, -1.001844e-02, 9.213932e-03, -3.450975e-03, 0.000000e+00, 0.000000e+00, 0.000000e+00, 0.000000e+00;
  0.000000e+00, 0.000000e+00, 0.000000e+00, 0.000000e+00, -1.001844e-02, 1.385860e-02, -1.755795e-02, 1.111426e-02, 0.000000e+00, 0.000000e+00, 0.000000e+00, 0.000000e+00;
  0.000000e+00, 0.000000e+00, 0.000000e+00, 0.000000e+00, 9.213932e-03, -1.755795e-02, 3.280530e-02, -3.366960e-02, 0.000000e+00, 0.000000e+00, 0.000000e+00, 0.000000e+00;
  0.000000e+00, 0.000000e+00, 0.000000e+00, 0.000000e+00, -3.450975e-03, 1.111426e-02, -3.366960e-02, 5.581749e-02, 0.000000e+00, 0.000000e+00, 0.000000e+00, 0.000000e+00;
  4.967734e-04, -1.125814e-04, -9.636005e-04, 2.453563e-03, 0.000000e+00, 0.000000e+00, 0.000000e+00, 0.000000e+00, -1.416652e-03, 1.193055e-03, -6.149133e-04, -7.484992e-05;
  -4.129328e-04, 7.870973e-05, 8.499995e-04, -2.132805e-03, 0.000000e+00, 0.000000e+00, 0.000000e+00, 0.000000e+00, 1.193055e-03, -1.015783e-03, 5.591024e-04, -5.515391e-06;
  2.014859e-04, -6.285214e-06, -5.347136e-04, 1.298800e-03, 0.000000e+00, 0.000000e+00, 0.000000e+00, 0.000000e+00, -6.149133e-04, 5.591024e-04, -4.063847e-04, 1.778109e-04;
  3.881509e-05, -4.838159e-05, 1.014804e-04, -2.452353e-04, 0.000000e+00, 0.000000e+00, 0.000000e+00, 0.000000e+00, -7.484992e-05, -5.515391e-06, 1.778109e-04, -2.890379e-04;
];
K(:,:,2,4) = [
  -2.436222e-03, -6.077921e-03, 3.626654e-02, -7.094376e-02, 0.000000e+00, 0.000000e+00, 0.000000e+00, 0.000000e+00, 4.885165e-05, -4.557263e-05, 3.633557e-05, -2.058718e-05;
  -2.548612e-03, 1.547296e-02, -5.613031e-02, 9.823749e-02, 0.000000e+00, 0.000000e+00, 0.000000e+00, 0.000000e+00, -2.070901e-04, 1.989125e-04, -1.653656e-04, 9.010909e-05;
  2.114633e-02, -4.134180e-02, 9.035820e-02, -1.264995e-01, 0.000000e+00, 0.000000e+00, 0.000000e+00, 0.000000e+00, 8.553253e-04, -8.096466e-04, 6.426331e-04, -3.132681e-04;
  -4.372437e-02, 6.407943e-02, -9.424527e-02, 9.074916e-02, 0.000000e+00, 0.000000e+00, 0.000000e+00, 0.000000e+00, -2.264152e-03, 2.065570e-03, -1.484460e-03, 5.896881e-04;
  0.000000e+00, 0.000000e+00, 0.000000e+00, 0.000000e+00, -2.779672e-03, 4.266074e-03, -6.690011e-03, 6.352937e-03, 0.000000e+00, 0.000000e+00, 0.000000e+00, 0.000000e+00;
  0.000000e+00, 0.000000e+00, 0.000000e+00, 0.000000e+00, 4.266074e-03, -6.740674e-03, 1.111426e-02, -1.149595e-02, 0.000000e+00, 0.000000e+00, 0.000000e+00, 0.000000e+00;
  0.000000e+00, 0.000000e+00, 0.000000e+00, 0.000000e+00, -6.690011e-03, 1.111426e-02, -1.994099e-02, 2.356327e-02, 0.000000e+00, 0.000000e+00, 0.000000e+00, 0.000000e+00;
  0.000000e+00, 0.000000e+00, 0.000000e+00, 0.000000e+00, 6.352937e-03, -1.149595e-02, 2.356327e-02, -3.342648e-02, 0.000000e+00, 0.000000e+00, 0.000000e+00, 0.000000e+00;
  -6.114462e-04, 1.613884e-04, 1.009724e-03, -2.646094e-03, 0.000000e+00, 0.000000e+00, 0.000000e+00, 0.000000e+00, 1.783049e-03, -1.638231e-03, 1.151123e-03, -3.173915e-04;
  5.562842e-04, -1.287900e-04, -9.601157e-04, 2.403608e-03, 0.000000e+00, 0.000000e+00, 0.000000e+00, 0.000000e+00, -1.638231e-03, 1.467086e-03, -9.778114e-04, 2.623436e-04;
  -3.798935e-04, 4.988742e-05, 7.593280e-04, -1.701241e-03, 0.000000e+00, 0.000000e+00, 0.000000e+00, 0.000000e+00, 1.151123e-03, -9.778114e-04, 5.783063e-04, -1.591099e-04;
  9.326299e-05, 3.203512e-05, -3.422357e-04, 6.369810e-04, 0.000000e+00, 0.000000e+00, 0.000000e+00, 0.000000e+00, -3.173915e-04, 2.623436e-04, -1.591099e-04, 1.033934e-04;
];
K(:,:,2,5) = [
  0.000000e+00, 0.000000e+00, 0.000000e+00, 0.000000e+00, -1.336126e-02, 1.369218e-02, -9.842719e-03, 2.830255e-04, 0.000000e+00, 0.000000e+00, 0.000000e+00, 0.000000e+00;
  0.000000e+00, 0.000000e+00, 0.000000e+00, 0.000000e+00, 1.727749e-02, -1.814544e-02, 1.417034e-02, -2.291774e-03, 0.000000e+00, 0.000000e+00, 0.000000e+00, 0.000000e+00;
  0.000000e+00, 0.000000e+00, 0.000000e+00, 0.000000e+00, -1.829863e-02, 2.064727e-02, -1.965756e-02, 8.700555e-03, 0.000000e+00, 0.000000e+00, 0.000000e+00, 0.000000e+00;
  0.000000e+00, 0.000000e+00, 0.000000e+00, 0.000000e+00, 5.995019e-03, -9.350392e-03, 1.517863e-02, -1.559725e-02, 0.000000e+00, 0.000000e+00, 0.000000e+00, 0.000000e+00;
  -6.619227e-03, 8.540187e-03, -8.976221e-03, 2.779672e-03, 0.000000e+00, 0.000000e+00, 0.000000e+00, 0.000000e+00, -9.555014e-05, 7.279292e-05, -2.227959e-05, -2.161306e-05;
  6.747533e-03, -8.908502e-03, 1.001844e-02, -4.266074e-03, 0.000000e+00, 0.000000e+00, 0.000000e+00, 0.000000e+00, 2.832217e-04, -2.235496e-04, 8.542684e-05, 4.753112e-05;
  -4.748268e-03, 6.779973e-03, -9.213932e-03, 6.690011e-03, 0.000000e+00, 0.000000e+00, 0.000000e+00, 0.000000e+00, -7.408287e-04, 6.140842e-04, -2.996318e-04, -5.179617e-05;
  -7.632471e-05, -7.367649e-04, 3.450975e-03, -6.352937e-03, 0.000000e+00, 0.000000e+00, 0.000000e+00, 0.000000e+00, 1.148499e-03, -1.014692e-03, 6.372571e-04, -1.079976e-04;
  0.000000e+00, 0.000000e+00, 0.000000e+00, 0.000000e+00, 1.911003e-04, 6.484299e-05, -6.739899e-04, 1.213338e-03, 0.000000e+00, 0.000000e+00, 0.000000e+00, 0.000000e+00;
  0.000000e+00, 0.000000e+00, 0.000000e+00, 0.000000e+00, -1.455858e-04, -4.680500e-05, 5.373144e-04, -1.042045e-03, 0.000000e+00, 0.000000e+00, 0.000000e+00, 0.000000e+00;
  0.000000e+00, 0.000000e+00, 0.000000e+00, 0.000000e+00, 4.455919e-05, 8.657046e-06, -2.170790e-04, 5.889605e-04, 0.000000e+00, 0.000000e+00, 0.000000e+00, 0.000000e+00;
  0.000000e+00, 0.000000e+00, 0.000000e+00, 0.000000e+00, 4.322612e-05, 2.017806e-05, -1.000927e-04, -1.821551e-05, 0.000000e+00, 0.000000e+00, 0.000000e+00, 0.000000e+00;
];
K(:,:,2,6) = [
  0.000000e+00, 0.000000e+00, 0.000000e+00, 0.000000e+00, 1.369218e-02, -1.814544e-02, 2.064727e-02, -9.350392e-03, 0.000000e+00, 0.000000e+00, 0.000000e+00, 0.000000e+00;
  0.000000e+00, 0.000000e+00, 0.000000e+00, 0.000000e+00, -1.814544e-02, 2.438545e-02, -2.879950e-02, 1.499715e-02, 0.000000e+00, 0.000000e+00, 0.000000e+00, 0.000000e+00;
  0.000000e+00, 0.000000e+00, 0.000000e+00, 0.000000e+00, 2.064727e-02, -2.879950e-02, 3.732240e-02, -2.552001e-02, 0.000000e+00, 0.000000e+00, 0.000000e+00, 0.000000e+00;
  0.000000e+00, 0.000000e+00, 0.000000e+00, 0.000000e+00, -9.350392e-03, 1.499715e-02, -2.552001e-02, 2.826560e-02, 0.000000e+00, 0.000000e+00, 0.000000e+00, 0.000000e+00;
  6.747533e-03, -8.908502e-03, 1.001844e-02, -4.266074e-03, 0.000000e+00, 0.000000e+00, 0.000000e+00, 0.000000e+00, 3.070715e-05, -2.598792e-05, 1.362255e-05, 1.434998e-06;
  -8.908502e-03, 1.191224e-02, -1.385860e-02, 6.740674e-03, 0.000000e+00, 0.000000e+00, 0.000000e+00, 0.000000e+00, -1.306125e-04, 1.093349e-04, -5.571550e-05, -6.110780e-06;
  1.001844e-02, -1.385860e-02, 1.755795e-02, -1.111426e-02, 0.000000e+00, 0.000000e+00, 0.000000e+00, 0.000000e+00, 4.642521e-04, -3.921464e-04, 2.098663e-04, 4.055100e-06;
  -4.266074e-03, 6.740674e-03, -1.111426e-02, 1.149595e-02, 0.000000e+00, 0.000000e+00, 0.000000e+00, 0.000000e+00, -9.317895e-04, 8.085423e-04, -4.840204e-04, 6.943275e-05;
  0.000000e+00, 0.000000e+00, 0.000000e+00, 0.000000e+00, -4.401862e-04, 2.436938e-04, 3.156780e-04, -1.005239e-03, 0.000000e+00, 0.000000e+00, 0.000000e+00, 0.000000e+00;
  0.000000e+00, 0.000000e+00, 0.000000e+00, 0.000000e+00, 3.483184e-04, -2.003988e-04, -2.417179e-04, 8.346257e-04, 0.000000e+00, 0.000000e+00, 0.000000e+00, 0.000000e+00;
  0.000000e+00, 0.000000e+00, 0.000000e+00, 0.000000e+00, -1.349515e-04, 9.471305e-05, 7.479018e-05, -4.130503e-04, 0.000000e+00, 0.000000e+00, 0.000000e+00, 0.000000e+00;
  0.000000e+00, 0.000000e+00, 0.000000e+00, 0.000000e+00, -7.201417e-05, 1.997270e-05, 7.502517e-05, -5.719121e-05, 0.000000e+00, 0.000000e+00, 0.000000e+00, 0.000000e+00;
];
K(:,:,2,7) = [
  0.000000e+00, 0.000000e+00, 0.000000e+00, 0.000000e+00, -9.842719e-03, 2.064727e-02, -3.995837e-02, 3.894098e-02, 0.000000e+00, 0.000000e+00, 0.000000e+00, 0.000000e+00;
  0.000000e+00, 0.000000e+00, 0.000000e+00, 0.000000e+00, 1.417034e-02, -2.879950e-02, 5.521413e-02, -5.509704e-02, 0.000000e+00, 0.000000e+00, 0.000000e+00, 0.000000e+00;
  0.000000e+00, 0.000000e+00, 0.000000e+00, 0.000000e+00, -1.965756e-02, 3.732240e-02, -7.020621e-02, 7.440977e-02, 0.000000e+00, 0.000000e+00, 0.000000e+00, 0.000000e+00;
  0.000000e+00, 0.000000e+00, 0.000000e+00, 0.000000e+00, 1.517863e-02, -2.552001e-02, 4.695255e-02, -5.843891e-02, 0.000000e+00, 0.000000e+00, 0.000000e+00, 0.000000e+00;
  -4.748268e-03, 6.779973e-03, -9.213932e-03, 6.690011e-03, 0.000000e+00, 0.000000e+00, 0.000000e+00, 0.000000e+00, 4.941802e-05, -3.455355e-05, 3.299323e-06, 1.945254e-05;
  1.001844e-02, -1.385860e-02, 1.755795e-02, -1.111426e-02, 0.000000e+00, 0.000000e+00, 0.000000e+00, 0.000000e+00, -1.125814e-04, 7.870973e-05, -6.285214e-06, -4.838159e-05;
  -1.936434e-02, 2.650382e-02, -3.280530e-02, 1.994099e-02, 0.000000e+00, 0.000000e+00, 0.000000e+00, 0.000000e+00, 1.292969e-04, -8.626731e-05, -8.774753e-06, 8.393656e-05;
  1.857119e-02, -2.590277e-02, 3.366960e-02, -2.356327e-02, 0.000000e+00, 0.000000e+00, 0.000000e+00, 0.000000e+00, 2.220127e-04, -1.862160e-04, 1.092122e-04, -3.896156e-05;
  0.000000e+00, 0.000000e+00, 0.000000e+00, 0.000000e+00, 9.065035e-04, -8.379890e-04, 5.147808e-04, 2.449649e-04, 0.000000e+00, 0.000000e+00, 0.000000e+00, 0.000000e+00;
  0.000000e+00, 0.000000e+00, 0.000000e+00, 0.000000e+00, -7.599611e-04, 6.999944e-04, -4.374950e-04, -1.676826e-04, 0.000000e+00, 0.000000e+00, 0.000000e+00, 0.000000e+00;
  0.000000e+00, 0.000000e+00, 0.000000e+00, 0.000000e+00, 3.887832e-04, -3.575129e-04, 2.455594e-04, 2.645154e-06, 0.000000e+00, 0.000000e+00, 0.000000e+00, 0.000000e+00;
  0.000000e+00, 0.000000e+00, 0.000000e+00, 0.000000e+00, 4.240467e-05, -2.984821e-05, -2.263050e-05, 1.214318e-04, 0.000000e+00, 0.000000e+00, 0.000000e+00, 0.000000e+00;
];
K(:,:,2,8) = [
