function K = massModel(p)
% Auto-generated constant matrix
K = zeros(12,12,12,12);
K(:,:,1,1) = [
  1.391596e-02, -1.339980e-02, 7.861662e-03, 2.038500e-03, 0.000000e+00, 0.000000e+00, 0.000000e+00, 0.000000e+00, 1.225979e-04, -8.653422e-05, 1.382707e-05, 3.634002e-05;
  -1.339980e-02, 1.375405e-02, -9.951369e-03, 4.197748e-04, 0.000000e+00, 0.000000e+00, 0.000000e+00, 0.000000e+00, -3.479494e-04, 2.616459e-04, -7.375232e-05, -8.300919e-05;
  7.861662e-03, -9.951369e-03, 1.150076e-02, -6.835800e-03, 0.000000e+00, 0.000000e+00, 0.000000e+00, 0.000000e+00, 8.603364e-04, -7.009928e-04, 3.098930e-04, 1.085700e-04;
  2.038500e-03, 4.197748e-04, -6.835800e-03, 1.160412e-02, 0.000000e+00, 0.000000e+00, 0.000000e+00, 0.000000e+00, -1.245836e-03, 1.116053e-03, -7.159743e-04, 1.059830e-04;
  0.000000e+00, 0.000000e+00, 0.000000e+00, 0.000000e+00, 0.000000e+00, 0.000000e+00, 0.000000e+00, 0.000000e+00, 0.000000e+00, 0.000000e+00, 0.000000e+00, 0.000000e+00;
  0.000000e+00, 0.000000e+00, 0.000000e+00, 0.000000e+00, 0.000000e+00, 0.000000e+00, 0.000000e+00, 0.000000e+00, 0.000000e+00, 0.000000e+00, 0.000000e+00, 0.000000e+00;
  0.000000e+00, 0.000000e+00, 0.000000e+00, 0.000000e+00, 0.000000e+00, 0.000000e+00, 0.000000e+00, 0.000000e+00, 0.000000e+00, 0.000000e+00, 0.000000e+00, 0.000000e+00;
  0.000000e+00, 0.000000e+00, 0.000000e+00, 0.000000e+00, 0.000000e+00, 0.000000e+00, 0.000000e+00, 0.000000e+00, 0.000000e+00, 0.000000e+00, 0.000000e+00, 0.000000e+00;
  0.000000e+00, 0.000000e+00, 0.000000e+00, 0.000000e+00, 0.000000e+00, 0.000000e+00, 0.000000e+00, 0.000000e+00, 1.686633e-04, -1.112890e-04, 3.967686e-06, 5.605051e-05;
  0.000000e+00, 0.000000e+00, 0.000000e+00, 0.000000e+00, 0.000000e+00, 0.000000e+00, 0.000000e+00, 0.000000e+00, -1.112890e-04, 8.631548e-05, -2.761924e-05, -2.690707e-05;
  0.000000e+00, 0.000000e+00, 0.000000e+00, 0.000000e+00, 0.000000e+00, 0.000000e+00, 0.000000e+00, 0.000000e+00, 3.967686e-06, -2.761924e-05, 5.544072e-05, -3.362833e-05;
  0.000000e+00, 0.000000e+00, 0.000000e+00, 0.000000e+00, 0.000000e+00, 0.000000e+00, 0.000000e+00, 0.000000e+00, 5.605051e-05, -2.690707e-05, -3.362833e-05, 6.548902e-05;
];
K(:,:,1,2) = [
  -1.339980e-02, 1.554670e-02, -1.417932e-02, 3.275772e-03, 0.000000e+00, 0.000000e+00, 0.000000e+00, 0.000000e+00, -1.126757e-04, 8.755582e-05, -2.996262e-05, -2.333459e-05;
  1.554670e-02, -1.824852e-02, 1.760038e-02, -6.077921e-03, 0.000000e+00, 0.000000e+00, 0.000000e+00, 0.000000e+00, 3.583135e-04, -2.855940e-04, 1.147520e-04, 5.483833e-05;
  -1.417932e-02, 1.760038e-02, -2.004353e-02, 1.250419e-02, 0.000000e+00, 0.000000e+00, 0.000000e+00, 0.000000e+00, -1.007082e-03, 8.348344e-04, -4.090733e-04, -6.568555e-05;
  3.275772e-03, -6.077921e-03, 1.250419e-02, -1.650499e-02, 0.000000e+00, 0.000000e+00, 0.000000e+00, 0.000000e+00, 1.669000e-03, -1.462385e-03, 8.963504e-04, -1.329367e-04;
  0.000000e+00, 0.000000e+00, 0.000000e+00, 0.000000e+00, 0.000000e+00, 0.000000e+00, 0.000000e+00, 0.000000e+00, 0.000000e+00, 0.000000e+00, 0.000000e+00, 0.000000e+00;
  0.000000e+00, 0.000000e+00, 0.000000e+00, 0.000000e+00, 0.000000e+00, 0.000000e+00, 0.000000e+00, 0.000000e+00, 0.000000e+00, 0.000000e+00, 0.000000e+00, 0.000000e+00;
  0.000000e+00, 0.000000e+00, 0.000000e+00, 0.000000e+00, 0.000000e+00, 0.000000e+00, 0.000000e+00, 0.000000e+00, 0.000000e+00, 0.000000e+00, 0.000000e+00, 0.000000e+00;
  0.000000e+00, 0.000000e+00, 0.000000e+00, 0.000000e+00, 0.000000e+00, 0.000000e+00, 0.000000e+00, 0.000000e+00, 0.000000e+00, 0.000000e+00, 0.000000e+00, 0.000000e+00;
  0.000000e+00, 0.000000e+00, 0.000000e+00, 0.000000e+00, 0.000000e+00, 0.000000e+00, 0.000000e+00, 0.000000e+00, -2.512651e-04, 1.851177e-04, -4.341271e-05, -6.838586e-05;
  0.000000e+00, 0.000000e+00, 0.000000e+00, 0.000000e+00, 0.000000e+00, 0.000000e+00, 0.000000e+00, 0.000000e+00, 1.851177e-04, -1.473389e-04, 5.836592e-05, 3.027017e-05;
  0.000000e+00, 0.000000e+00, 0.000000e+00, 0.000000e+00, 0.000000e+00, 0.000000e+00, 0.000000e+00, 0.000000e+00, -4.341271e-05, 5.836592e-05, -7.365604e-05, 4.575062e-05;
  0.000000e+00, 0.000000e+00, 0.000000e+00, 0.000000e+00, 0.000000e+00, 0.000000e+00, 0.000000e+00, 0.000000e+00, -6.838586e-05, 3.027017e-05, 4.575062e-05, -8.593328e-05;
];
K(:,:,1,3) = [
  7.861662e-03, -1.417932e-02, 2.424301e-02, -2.075746e-02, 0.000000e+00, 0.000000e+00, 0.000000e+00, 0.000000e+00, 1.275883e-04, -1.149887e-04, 7.208454e-05, -3.882059e-06;
  -1.417932e-02, 2.083884e-02, -3.019394e-02, 2.438536e-02, 0.000000e+00, 0.000000e+00, 0.000000e+00, 0.000000e+00, -4.327352e-04, 3.814837e-04, -2.322849e-04, 2.066479e-05;
  2.424301e-02, -3.019394e-02, 3.625470e-02, -2.772931e-02, 0.000000e+00, 0.000000e+00, 0.000000e+00, 0.000000e+00, 1.353255e-03, -1.174891e-03, 7.042383e-04, -9.691113e-05;
  -2.075746e-02, 2.438536e-02, -2.772931e-02, 2.418163e-02, 0.000000e+00, 0.000000e+00, 0.000000e+00, 0.000000e+00, -2.590019e-03, 2.252933e-03, -1.387163e-03, 2.981346e-04;
  0.000000e+00, 0.000000e+00, 0.000000e+00, 0.000000e+00, 0.000000e+00, 0.000000e+00, 0.000000e+00, 0.000000e+00, 0.000000e+00, 0.000000e+00, 0.000000e+00, 0.000000e+00;
  0.000000e+00, 0.000000e+00, 0.000000e+00, 0.000000e+00, 0.000000e+00, 0.000000e+00, 0.000000e+00, 0.000000e+00, 0.000000e+00, 0.000000e+00, 0.000000e+00, 0.000000e+00;
  0.000000e+00, 0.000000e+00, 0.000000e+00, 0.000000e+00, 0.000000e+00, 0.000000e+00, 0.000000e+00, 0.000000e+00, 0.000000e+00, 0.000000e+00, 0.000000e+00, 0.000000e+00;
  0.000000e+00, 0.000000e+00, 0.000000e+00, 0.000000e+00, 0.000000e+00, 0.000000e+00, 0.000000e+00, 0.000000e+00, 0.000000e+00, 0.000000e+00, 0.000000e+00, 0.000000e+00;
  0.000000e+00, 0.000000e+00, 0.000000e+00, 0.000000e+00, 0.000000e+00, 0.000000e+00, 0.000000e+00, 0.000000e+00, 3.991766e-04, -3.391584e-04, 1.700876e-04, 4.260800e-05;
  0.000000e+00, 0.000000e+00, 0.000000e+00, 0.000000e+00, 0.000000e+00, 0.000000e+00, 0.000000e+00, 0.000000e+00, -3.391584e-04, 2.846321e-04, -1.482752e-04, -1.074731e-05;
  0.000000e+00, 0.000000e+00, 0.000000e+00, 0.000000e+00, 0.000000e+00, 0.000000e+00, 0.000000e+00, 0.000000e+00, 1.700876e-04, -1.482752e-04, 1.037972e-04, -5.344980e-05;
  0.000000e+00, 0.000000e+00, 0.000000e+00, 0.000000e+00, 0.000000e+00, 0.000000e+00, 0.000000e+00, 0.000000e+00, 4.260800e-05, -1.074731e-05, -5.344980e-05, 9.365468e-05;
];
K(:,:,1,4) = [
  2.038500e-03, 3.275772e-03, -2.075746e-02, 3.854640e-02, 0.000000e+00, 0.000000e+00, 0.000000e+00, 0.000000e+00, -1.742772e-04, 1.650005e-04, -1.257490e-04, 4.393417e-05;
  3.275772e-03, -9.607230e-03, 2.762440e-02, -4.372437e-02, 0.000000e+00, 0.000000e+00, 0.000000e+00, 0.000000e+00, 5.640052e-04, -5.263621e-04, 3.911314e-04, -1.395600e-04;
  -2.075746e-02, 2.762440e-02, -3.984359e-02, 4.362690e-02, 0.000000e+00, 0.000000e+00, 0.000000e+00, 0.000000e+00, -1.725335e-03, 1.573551e-03, -1.115924e-03, 3.920857e-04;
  3.854640e-02, -4.372437e-02, 4.362690e-02, -2.851385e-02, 0.000000e+00, 0.000000e+00, 0.000000e+00, 0.000000e+00, 3.407765e-03, -3.030268e-03, 2.023472e-03, -6.638885e-04;
  0.000000e+00, 0.000000e+00, 0.000000e+00, 0.000000e+00, 0.000000e+00, 0.000000e+00, 0.000000e+00, 0.000000e+00, 0.000000e+00, 0.000000e+00, 0.000000e+00, 0.000000e+00;
  0.000000e+00, 0.000000e+00, 0.000000e+00, 0.000000e+00, 0.000000e+00, 0.000000e+00, 0.000000e+00, 0.000000e+00, 0.000000e+00, 0.000000e+00, 0.000000e+00, 0.000000e+00;
  0.000000e+00, 0.000000e+00, 0.000000e+00, 0.000000e+00, 0.000000e+00, 0.000000e+00, 0.000000e+00, 0.000000e+00, 0.000000e+00, 0.000000e+00, 0.000000e+00, 0.000000e+00;
  0.000000e+00, 0.000000e+00, 0.000000e+00, 0.000000e+00, 0.000000e+00, 0.000000e+00, 0.000000e+00, 0.000000e+00, 0.000000e+00, 0.000000e+00, 0.000000e+00, 0.000000e+00;
  0.000000e+00, 0.000000e+00, 0.000000e+00, 0.000000e+00, 0.000000e+00, 0.000000e+00, 0.000000e+00, 0.000000e+00, -4.586387e-04, 4.414700e-04, -3.392022e-04, 9.981055e-05;
  0.000000e+00, 0.000000e+00, 0.000000e+00, 0.000000e+00, 0.000000e+00, 0.000000e+00, 0.000000e+00, 0.000000e+00, 4.414700e-04, -3.989204e-04, 2.706403e-04, -7.252699e-05;
  0.000000e+00, 0.000000e+00, 0.000000e+00, 0.000000e+00, 0.000000e+00, 0.000000e+00, 0.000000e+00, 0.000000e+00, -3.392022e-04, 2.706403e-04, -1.322452e-04, 2.673382e-05;
  0.000000e+00, 0.000000e+00, 0.000000e+00, 0.000000e+00, 0.000000e+00, 0.000000e+00, 0.000000e+00, 0.000000e+00, 9.981055e-05, -7.252699e-05, 2.673382e-05, -1.572376e-05;
];
K(:,:,1,5) = [
  0.000000e+00, 0.000000e+00, 0.000000e+00, 0.000000e+00, 7.686786e-03, -7.785638e-03, 5.655700e-03, -9.625476e-04, 0.000000e+00, 0.000000e+00, 0.000000e+00, 0.000000e+00;
  0.000000e+00, 0.000000e+00, 0.000000e+00, 0.000000e+00, -7.785638e-03, 8.619753e-03, -8.036405e-03, 4.062197e-03, 0.000000e+00, 0.000000e+00, 0.000000e+00, 0.000000e+00;
  0.000000e+00, 0.000000e+00, 0.000000e+00, 0.000000e+00, 5.655700e-03, -8.036405e-03, 1.187620e-02, -1.214629e-02, 0.000000e+00, 0.000000e+00, 0.000000e+00, 0.000000e+00;
  0.000000e+00, 0.000000e+00, 0.000000e+00, 0.000000e+00, -9.625476e-04, 4.062197e-03, -1.214629e-02, 1.997276e-02, 0.000000e+00, 0.000000e+00, 0.000000e+00, 0.000000e+00;
  6.903824e-03, -6.619227e-03, 3.802668e-03, 1.166493e-03, 0.000000e+00, 0.000000e+00, 0.000000e+00, 0.000000e+00, 6.129895e-05, -4.326711e-05, 6.913537e-06, 1.817001e-05;
  -6.619227e-03, 6.747533e-03, -4.748268e-03, -7.632471e-05, 0.000000e+00, 0.000000e+00, 0.000000e+00, 0.000000e+00, -1.739747e-04, 1.308229e-04, -3.687616e-05, -4.150460e-05;
  3.802668e-03, -4.748268e-03, 5.295239e-03, -2.769440e-03, 0.000000e+00, 0.000000e+00, 0.000000e+00, 0.000000e+00, 4.301682e-04, -3.504964e-04, 1.549465e-04, 5.428499e-05;
  1.166493e-03, -7.632471e-05, -2.769440e-03, 4.749364e-03, 0.000000e+00, 0.000000e+00, 0.000000e+00, 0.000000e+00, -6.229179e-04, 5.580265e-04, -3.579871e-04, 5.299152e-05;
  0.000000e+00, 0.000000e+00, 0.000000e+00, 0.000000e+00, 0.000000e+00, 0.000000e+00, 0.000000e+00, 0.000000e+00, 0.000000e+00, 0.000000e+00, 0.000000e+00, 0.000000e+00;
  0.000000e+00, 0.000000e+00, 0.000000e+00, 0.000000e+00, 0.000000e+00, 0.000000e+00, 0.000000e+00, 0.000000e+00, 0.000000e+00, 0.000000e+00, 0.000000e+00, 0.000000e+00;
  0.000000e+00, 0.000000e+00, 0.000000e+00, 0.000000e+00, 0.000000e+00, 0.000000e+00, 0.000000e+00, 0.000000e+00, 0.000000e+00, 0.000000e+00, 0.000000e+00, 0.000000e+00;
  0.000000e+00, 0.000000e+00, 0.000000e+00, 0.000000e+00, 0.000000e+00, 0.000000e+00, 0.000000e+00, 0.000000e+00, 0.000000e+00, 0.000000e+00, 0.000000e+00, 0.000000e+00;
];
K(:,:,1,6) = [
  0.000000e+00, 0.000000e+00, 0.000000e+00, 0.000000e+00, -7.785638e-03, 1.041241e-02, -1.226436e-02, 6.918194e-03, 0.000000e+00, 0.000000e+00, 0.000000e+00, 0.000000e+00;
  0.000000e+00, 0.000000e+00, 0.000000e+00, 0.000000e+00, 8.619753e-03, -1.202804e-02, 1.581622e-02, -1.203890e-02, 0.000000e+00, 0.000000e+00, 0.000000e+00, 0.000000e+00;
  0.000000e+00, 0.000000e+00, 0.000000e+00, 0.000000e+00, -8.036405e-03, 1.257776e-02, -2.089477e-02, 2.377673e-02, 0.000000e+00, 0.000000e+00, 0.000000e+00, 0.000000e+00;
  0.000000e+00, 0.000000e+00, 0.000000e+00, 0.000000e+00, 4.062197e-03, -8.509590e-03, 2.053769e-02, -3.382428e-02, 0.000000e+00, 0.000000e+00, 0.000000e+00, 0.000000e+00;
  -6.619227e-03, 6.747533e-03, -4.748268e-03, -7.632471e-05, 0.000000e+00, 0.000000e+00, 0.000000e+00, 0.000000e+00, -1.712560e-05, 1.476290e-05, -7.683029e-06, -1.721525e-06;
  8.540187e-03, -8.908502e-03, 6.779973e-03, -7.367649e-04, 0.000000e+00, 0.000000e+00, 0.000000e+00, 0.000000e+00, 7.509171e-05, -6.204442e-05, 2.932521e-05, 7.307219e-06;
  -8.976221e-03, 1.001844e-02, -9.213932e-03, 3.450975e-03, 0.000000e+00, 0.000000e+00, 0.000000e+00, 0.000000e+00, -2.662536e-04, 2.207502e-04, -1.094415e-04, -1.388938e-05;
  2.779672e-03, -4.266074e-03, 6.690011e-03, -6.352937e-03, 0.000000e+00, 0.000000e+00, 0.000000e+00, 0.000000e+00, 5.205014e-04, -4.476925e-04, 2.590932e-04, -2.493913e-05;
  0.000000e+00, 0.000000e+00, 0.000000e+00, 0.000000e+00, 0.000000e+00, 0.000000e+00, 0.000000e+00, 0.000000e+00, 0.000000e+00, 0.000000e+00, 0.000000e+00, 0.000000e+00;
  0.000000e+00, 0.000000e+00, 0.000000e+00, 0.000000e+00, 0.000000e+00, 0.000000e+00, 0.000000e+00, 0.000000e+00, 0.000000e+00, 0.000000e+00, 0.000000e+00, 0.000000e+00;
  0.000000e+00, 0.000000e+00, 0.000000e+00, 0.000000e+00, 0.000000e+00, 0.000000e+00, 0.000000e+00, 0.000000e+00, 0.000000e+00, 0.000000e+00, 0.000000e+00, 0.000000e+00;
  0.000000e+00, 0.000000e+00, 0.000000e+00, 0.000000e+00, 0.000000e+00, 0.000000e+00, 0.000000e+00, 0.000000e+00, 0.000000e+00, 0.000000e+00, 0.000000e+00, 0.000000e+00;
];
K(:,:,1,7) = [
  0.000000e+00, 0.000000e+00, 0.000000e+00, 0.000000e+00, 5.655700e-03, -1.226436e-02, 2.461844e-02, -2.606796e-02, 0.000000e+00, 0.000000e+00, 0.000000e+00, 0.000000e+00;
  0.000000e+00, 0.000000e+00, 0.000000e+00, 0.000000e+00, -8.036405e-03, 1.581622e-02, -3.104518e-02, 3.565790e-02, 0.000000e+00, 0.000000e+00, 0.000000e+00, 0.000000e+00;
  0.000000e+00, 0.000000e+00, 0.000000e+00, 0.000000e+00, 1.187620e-02, -2.089477e-02, 4.049331e-02, -5.393277e-02, 0.000000e+00, 0.000000e+00, 0.000000e+00, 0.000000e+00;
  0.000000e+00, 0.000000e+00, 0.000000e+00, 0.000000e+00, -1.214629e-02, 2.053769e-02, -4.181849e-02, 6.632947e-02, 0.000000e+00, 0.000000e+00, 0.000000e+00, 0.000000e+00;
  3.802668e-03, -4.748268e-03, 5.295239e-03, -2.769440e-03, 0.000000e+00, 0.000000e+00, 0.000000e+00, 0.000000e+00, -3.407194e-05, 2.158804e-05, 2.392564e-06, -1.559390e-05;
  -8.976221e-03, 1.001844e-02, -9.213932e-03, 3.450975e-03, 0.000000e+00, 0.000000e+00, 0.000000e+00, 0.000000e+00, 7.663769e-05, -4.950838e-05, -4.696972e-06, 3.799678e-05;
  1.803748e-02, -1.936434e-02, 1.646571e-02, -5.280984e-03, 0.000000e+00, 0.000000e+00, 0.000000e+00, 0.000000e+00, -8.779888e-05, 5.693165e-05, 1.073023e-05, -6.147784e-05;
  -1.669110e-02, 1.857119e-02, -1.739527e-02, 8.062152e-03, 0.000000e+00, 0.000000e+00, 0.000000e+00, 0.000000e+00, -1.350741e-04, 1.029838e-04, -4.455803e-05, 1.292717e-05;
  0.000000e+00, 0.000000e+00, 0.000000e+00, 0.000000e+00, 0.000000e+00, 0.000000e+00, 0.000000e+00, 0.000000e+00, 0.000000e+00, 0.000000e+00, 0.000000e+00, 0.000000e+00;
  0.000000e+00, 0.000000e+00, 0.000000e+00, 0.000000e+00, 0.000000e+00, 0.000000e+00, 0.000000e+00, 0.000000e+00, 0.000000e+00, 0.000000e+00, 0.000000e+00, 0.000000e+00;
  0.000000e+00, 0.000000e+00, 0.000000e+00, 0.000000e+00, 0.000000e+00, 0.000000e+00, 0.000000e+00, 0.000000e+00, 0.000000e+00, 0.000000e+00, 0.000000e+00, 0.000000e+00;
  0.000000e+00, 0.000000e+00, 0.000000e+00, 0.000000e+00, 0.000000e+00, 0.000000e+00, 0.000000e+00, 0.000000e+00, 0.000000e+00, 0.000000e+00, 0.000000e+00, 0.000000e+00;
];
K(:,:,1,8) = [
  0.000000e+00, 0.000000e+00, 0.000000e+00, 0.000000e+00, -9.625476e-04, 6.918194e-03, -2.606796e-02, 4.691504e-02, 0.000000e+00, 0.000000e+00, 0.000000e+00, 0.000000e+00;
  0.000000e+00, 0.000000e+00, 0.000000e+00, 0.000000e+00, 4.062197e-03, -1.203890e-02, 3.565790e-02, -6.104366e-02, 0.000000e+00, 0.000000e+00, 0.000000e+00, 0.000000e+00;
  0.000000e+00, 0.000000e+00, 0.000000e+00, 0.000000e+00, -1.214629e-02, 2.377673e-02, -5.393277e-02, 8.577474e-02, 0.000000e+00, 0.000000e+00, 0.000000e+00, 0.000000e+00;
  0.000000e+00, 0.000000e+00, 0.000000e+00, 0.000000e+00, 1.997276e-02, -3.382428e-02, 6.632947e-02, -1.008725e-01, 0.000000e+00, 0.000000e+00, 0.000000e+00, 0.000000e+00;
  1.166493e-03, -7.632471e-05, -2.769440e-03, 4.749364e-03, 0.000000e+00, 0.000000e+00, 0.000000e+00, 0.000000e+00, 2.278814e-05, -1.898444e-05, 7.741800e-06, 6.260849e-06;
  2.779672e-03, -4.266074e-03, 6.690011e-03, -6.352937e-03, 0.000000e+00, 0.000000e+00, 0.000000e+00, 0.000000e+00, -9.629264e-05, 7.549469e-05, -2.509761e-05, -2.570986e-05;
  -1.669110e-02, 1.857119e-02, -1.739527e-02, 8.062152e-03, 0.000000e+00, 0.000000e+00, 0.000000e+00, 0.000000e+00, 3.005337e-04, -2.330932e-04, 7.757544e-05, 7.077845e-05;
  3.169164e-02, -3.357232e-02, 2.750742e-02, -7.824435e-03, 0.000000e+00, 0.000000e+00, 0.000000e+00, 0.000000e+00, -4.071314e-04, 3.304928e-04, -1.448688e-04, -5.510556e-05;
  0.000000e+00, 0.000000e+00, 0.000000e+00, 0.000000e+00, 0.000000e+00, 0.000000e+00, 0.000000e+00, 0.000000e+00, 0.000000e+00, 0.000000e+00, 0.000000e+00, 0.000000e+00;
  0.000000e+00, 0.000000e+00, 0.000000e+00, 0.000000e+00, 0.000000e+00, 0.000000e+00, 0.000000e+00, 0.000000e+00, 0.000000e+00, 0.000000e+00, 0.000000e+00, 0.000000e+00;
  0.000000e+00, 0.000000e+00, 0.000000e+00, 0.000000e+00, 0.000000e+00, 0.000000e+00, 0.000000e+00, 0.000000e+00, 0.000000e+00, 0.000000e+00, 0.000000e+00, 0.000000e+00;
  0.000000e+00, 0.000000e+00, 0.000000e+00, 0.000000e+00, 0.000000e+00, 0.000000e+00, 0.000000e+00, 0.000000e+00, 0.000000e+00, 0.000000e+00, 0.000000e+00, 0.000000e+00;
];
K(:,:,1,9) = [
  -3.064947e-05, 4.777507e-05, -8.083012e-05, 9.853267e-05, 0.000000e+00, 0.000000e+00, 0.000000e+00, 0.000000e+00, 0.000000e+00, 0.000000e+00, 0.000000e+00, 0.000000e+00;
  -3.064947e-05, 4.777507e-05, -8.083012e-05, 9.853267e-05, 0.000000e+00, 0.000000e+00, 0.000000e+00, 0.000000e+00, 0.000000e+00, 0.000000e+00, 0.000000e+00, 0.000000e+00;
  1.876778e-04, -3.122860e-04, 5.797576e-04, -7.778433e-04, 0.000000e+00, 0.000000e+00, 0.000000e+00, 0.000000e+00, 0.000000e+00, 0.000000e+00, 0.000000e+00, 0.000000e+00;
  -3.273199e-04, 5.867336e-04, -1.206920e-03, 1.801584e-03, 0.000000e+00, 0.000000e+00, 0.000000e+00, 0.000000e+00, 0.000000e+00, 0.000000e+00, 0.000000e+00, 0.000000e+00;
  0.000000e+00, 0.000000e+00, 0.000000e+00, 0.000000e+00, 0.000000e+00, 0.000000e+00, 0.000000e+00, 0.000000e+00, 0.000000e+00, 0.000000e+00, 0.000000e+00, 0.000000e+00;
  0.000000e+00, 0.000000e+00, 0.000000e+00, 0.000000e+00, 0.000000e+00, 0.000000e+00, 0.000000e+00, 0.000000e+00, 0.000000e+00, 0.000000e+00, 0.000000e+00, 0.000000e+00;
  0.000000e+00, 0.000000e+00, 0.000000e+00, 0.000000e+00, 0.000000e+00, 0.000000e+00, 0.000000e+00, 0.000000e+00, 0.000000e+00, 0.000000e+00, 0.000000e+00, 0.000000e+00;
  0.000000e+00, 0.000000e+00, 0.000000e+00, 0.000000e+00, 0.000000e+00, 0.000000e+00, 0.000000e+00, 0.000000e+00, 0.000000e+00, 0.000000e+00, 0.000000e+00, 0.000000e+00;
  0.000000e+00, 0.000000e+00, 0.000000e+00, 0.000000e+00, 0.000000e+00, 0.000000e+00, 0.000000e+00, 0.000000e+00, 2.298711e-05, -1.622517e-05, 2.592576e-06, 6.813754e-06;
  0.000000e+00, 0.000000e+00, 0.000000e+00, 0.000000e+00, 0.000000e+00, 0.000000e+00, 0.000000e+00, 0.000000e+00, -1.622517e-05, 1.278984e-05, -4.705707e-06, -3.132014e-06;
  0.000000e+00, 0.000000e+00, 0.000000e+00, 0.000000e+00, 0.000000e+00, 0.000000e+00, 0.000000e+00, 0.000000e+00, 2.592576e-06, -4.705707e-06, 7.065251e-06, -4.342921e-06;
  0.000000e+00, 0.000000e+00, 0.000000e+00, 0.000000e+00, 0.000000e+00, 0.000000e+00, 0.000000e+00, 0.000000e+00, 6.813754e-06, -3.132014e-06, -4.342921e-06, 8.286162e-06;
];
K(:,:,1,10) = [
  2.163356e-05, -3.639646e-05, 6.828835e-05, -9.199248e-05, 0.000000e+00, 0.000000e+00, 0.000000e+00, 0.000000e+00, 0.000000e+00, 0.000000e+00, 0.000000e+00, 0.000000e+00;
  2.163356e-05, -3.639646e-05, 6.828835e-05, -9.199248e-05, 0.000000e+00, 0.000000e+00, 0.000000e+00, 0.000000e+00, 0.000000e+00, 0.000000e+00, 0.000000e+00, 0.000000e+00;
  -1.456314e-04, 2.513804e-04, -4.926318e-04, 7.023453e-04, 0.000000e+00, 0.000000e+00, 0.000000e+00, 0.000000e+00, 0.000000e+00, 0.000000e+00, 0.000000e+00, 0.000000e+00;
  2.820491e-04, -5.048277e-04, 1.045651e-03, -1.593048e-03, 0.000000e+00, 0.000000e+00, 0.000000e+00, 0.000000e+00, 0.000000e+00, 0.000000e+00, 0.000000e+00, 0.000000e+00;
  0.000000e+00, 0.000000e+00, 0.000000e+00, 0.000000e+00, 0.000000e+00, 0.000000e+00, 0.000000e+00, 0.000000e+00, 0.000000e+00, 0.000000e+00, 0.000000e+00, 0.000000e+00;
  0.000000e+00, 0.000000e+00, 0.000000e+00, 0.000000e+00, 0.000000e+00, 0.000000e+00, 0.000000e+00, 0.000000e+00, 0.000000e+00, 0.000000e+00, 0.000000e+00, 0.000000e+00;
  0.000000e+00, 0.000000e+00, 0.000000e+00, 0.000000e+00, 0.000000e+00, 0.000000e+00, 0.000000e+00, 0.000000e+00, 0.000000e+00, 0.000000e+00, 0.000000e+00, 0.000000e+00;
  0.000000e+00, 0.000000e+00, 0.000000e+00, 0.000000e+00, 0.000000e+00, 0.000000e+00, 0.000000e+00, 0.000000e+00, 0.000000e+00, 0.000000e+00, 0.000000e+00, 0.000000e+00;
  0.000000e+00, 0.000000e+00, 0.000000e+00, 0.000000e+00, 0.000000e+00, 0.000000e+00, 0.000000e+00, 0.000000e+00, -1.622517e-05, 1.278984e-05, -4.705707e-06, -3.132014e-06;
  0.000000e+00, 0.000000e+00, 0.000000e+00, 0.000000e+00, 0.000000e+00, 0.000000e+00, 0.000000e+00, 0.000000e+00, 1.278984e-05, -1.046544e-05, 4.828914e-06, 1.235416e-06;
  0.000000e+00, 0.000000e+00, 0.000000e+00, 0.000000e+00, 0.000000e+00, 0.000000e+00, 0.000000e+00, 0.000000e+00, -4.705707e-06, 4.828914e-06, -4.524314e-06, 2.577074e-06;
  0.000000e+00, 0.000000e+00, 0.000000e+00, 0.000000e+00, 0.000000e+00, 0.000000e+00, 0.000000e+00, 0.000000e+00, -3.132014e-06, 1.235416e-06, 2.577074e-06, -4.719787e-06;
];
K(:,:,1,11) = [
  -3.456768e-06, 1.113980e-05, -3.484599e-05, 6.674539e-05, 0.000000e+00, 0.000000e+00, 0.000000e+00, 0.000000e+00, 0.000000e+00, 0.000000e+00, 0.000000e+00, 0.000000e+00;
  -3.456768e-06, 1.113980e-05, -3.484599e-05, 6.674539e-05, 0.000000e+00, 0.000000e+00, 0.000000e+00, 0.000000e+00, 0.000000e+00, 0.000000e+00, 0.000000e+00, 0.000000e+00;
  5.040852e-05, -1.068899e-04, 2.673100e-04, -4.764026e-04, 0.000000e+00, 0.000000e+00, 0.000000e+00, 0.000000e+00, 0.000000e+00, 0.000000e+00, 0.000000e+00, 0.000000e+00;
  -1.577510e-04, 2.877735e-04, -6.255083e-04, 1.034778e-03, 0.000000e+00, 0.000000e+00, 0.000000e+00, 0.000000e+00, 0.000000e+00, 0.000000e+00, 0.000000e+00, 0.000000e+00;
  0.000000e+00, 0.000000e+00, 0.000000e+00, 0.000000e+00, 0.000000e+00, 0.000000e+00, 0.000000e+00, 0.000000e+00, 0.000000e+00, 0.000000e+00, 0.000000e+00, 0.000000e+00;
  0.000000e+00, 0.000000e+00, 0.000000e+00, 0.000000e+00, 0.000000e+00, 0.000000e+00, 0.000000e+00, 0.000000e+00, 0.000000e+00, 0.000000e+00, 0.000000e+00, 0.000000e+00;
  0.000000e+00, 0.000000e+00, 0.000000e+00, 0.000000e+00, 0.000000e+00, 0.000000e+00, 0.000000e+00, 0.000000e+00, 0.000000e+00, 0.000000e+00, 0.000000e+00, 0.000000e+00;
  0.000000e+00, 0.000000e+00, 0.000000e+00, 0.000000e+00, 0.000000e+00, 0.000000e+00, 0.000000e+00, 0.000000e+00, 0.000000e+00, 0.000000e+00, 0.000000e+00, 0.000000e+00;
  0.000000e+00, 0.000000e+00, 0.000000e+00, 0.000000e+00, 0.000000e+00, 0.000000e+00, 0.000000e+00, 0.000000e+00, 2.592576e-06, -4.705707e-06, 7.065251e-06, -4.342921e-06;
  0.000000e+00, 0.000000e+00, 0.000000e+00, 0.000000e+00, 0.000000e+00, 0.000000e+00, 0.000000e+00, 0.000000e+00, -4.705707e-06, 4.828914e-06, -4.524314e-06, 2.577074e-06;
  0.000000e+00, 0.000000e+00, 0.000000e+00, 0.000000e+00, 0.000000e+00, 0.000000e+00, 0.000000e+00, 0.000000e+00, 7.065251e-06, -4.524314e-06, 3.407368e-07, 8.585506e-07;
  0.000000e+00, 0.000000e+00, 0.000000e+00, 0.000000e+00, 0.000000e+00, 0.000000e+00, 0.000000e+00, 0.000000e+00, -4.342921e-06, 2.577074e-06, 8.585506e-07, -2.351253e-06;
];
K(:,:,1,12) = [
  -9.085005e-06, 1.080653e-05, -5.855919e-06, -1.883666e-05, 0.000000e+00, 0.000000e+00, 0.000000e+00, 0.000000e+00, 0.000000e+00, 0.000000e+00, 0.000000e+00, 0.000000e+00;
  -9.085005e-06, 1.080653e-05, -5.855919e-06, -1.883666e-05, 0.000000e+00, 0.000000e+00, 0.000000e+00, 0.000000e+00, 0.000000e+00, 0.000000e+00, 0.000000e+00, 0.000000e+00;
  3.671723e-05, -4.032011e-05, 5.649110e-06, 1.294513e-04, 0.000000e+00, 0.000000e+00, 0.000000e+00, 0.000000e+00, 0.000000e+00, 0.000000e+00, 0.000000e+00, 0.000000e+00;
  -3.518463e-06, -1.298409e-05, 9.335150e-05, -2.843868e-04, 0.000000e+00, 0.000000e+00, 0.000000e+00, 0.000000e+00, 0.000000e+00, 0.000000e+00, 0.000000e+00, 0.000000e+00;
  0.000000e+00, 0.000000e+00, 0.000000e+00, 0.000000e+00, 0.000000e+00, 0.000000e+00, 0.000000e+00, 0.000000e+00, 0.000000e+00, 0.000000e+00, 0.000000e+00, 0.000000e+00;
  0.000000e+00, 0.000000e+00, 0.000000e+00, 0.000000e+00, 0.000000e+00, 0.000000e+00, 0.000000e+00, 0.000000e+00, 0.000000e+00, 0.000000e+00, 0.000000e+00, 0.000000e+00;
  0.000000e+00, 0.000000e+00, 0.000000e+00, 0.000000e+00, 0.000000e+00, 0.000000e+00, 0.000000e+00, 0.000000e+00, 0.000000e+00, 0.000000e+00, 0.000000e+00, 0.000000e+00;
  0.000000e+00, 0.000000e+00, 0.000000e+00, 0.000000e+00, 0.000000e+00, 0.000000e+00, 0.000000e+00, 0.000000e+00, 0.000000e+00, 0.000000e+00, 0.000000e+00, 0.000000e+00;
  0.000000e+00, 0.000000e+00, 0.000000e+00, 0.000000e+00, 0.000000e+00, 0.000000e+00, 0.000000e+00, 0.000000e+00, 6.813754e-06, -3.132014e-06, -4.342921e-06, 8.286162e-06;
  0.000000e+00, 0.000000e+00, 0.000000e+00, 0.000000e+00, 0.000000e+00, 0.000000e+00, 0.000000e+00, 0.000000e+00, -3.132014e-06, 1.235416e-06, 2.577074e-06, -4.719787e-06;
  0.000000e+00, 0.000000e+00, 0.000000e+00, 0.000000e+00, 0.000000e+00, 0.000000e+00, 0.000000e+00, 0.000000e+00, -4.342921e-06, 2.577074e-06, 8.585506e-07, -2.351253e-06;
  0.000000e+00, 0.000000e+00, 0.000000e+00, 0.000000e+00, 0.000000e+00, 0.000000e+00, 0.000000e+00, 0.000000e+00, 8.286162e-06, -4.719787e-06, -2.351253e-06, 6.349448e-06;
];
K(:,:,2,1) = [
  -1.339980e-02, 1.554670e-02, -1.417932e-02, 3.275772e-03, 0.000000e+00, 0.000000e+00, 0.000000e+00, 0.000000e+00, -1.126757e-04, 8.755582e-05, -2.996262e-05, -2.333459e-05;
  1.554670e-02, -1.824852e-02, 1.760038e-02, -6.077921e-03, 0.000000e+00, 0.000000e+00, 0.000000e+00, 0.000000e+00, 3.583135e-04, -2.855940e-04, 1.147520e-04, 5.483833e-05;
  -1.417932e-02, 1.760038e-02, -2.004353e-02, 1.250419e-02, 0.000000e+00, 0.000000e+00, 0.000000e+00, 0.000000e+00, -1.007082e-03, 8.348344e-04, -4.090733e-04, -6.568555e-05;
  3.275772e-03, -6.077921e-03, 1.250419e-02, -1.650499e-02, 0.000000e+00, 0.000000e+00, 0.000000e+00, 0.000000e+00, 1.669000e-03, -1.462385e-03, 8.963504e-04, -1.329367e-04;
  0.000000e+00, 0.000000e+00, 0.000000e+00, 0.000000e+00, 0.000000e+00, 0.000000e+00, 0.000000e+00, 0.000000e+00, 0.000000e+00, 0.000000e+00, 0.000000e+00, 0.000000e+00;
  0.000000e+00, 0.000000e+00, 0.000000e+00, 0.000000e+00, 0.000000e+00, 0.000000e+00, 0.000000e+00, 0.000000e+00, 0.000000e+00, 0.000000e+00, 0.000000e+00, 0.000000e+00;
  0.000000e+00, 0.000000e+00, 0.000000e+00, 0.000000e+00, 0.000000e+00, 0.000000e+00, 0.000000e+00, 0.000000e+00, 0.000000e+00, 0.000000e+00, 0.000000e+00, 0.000000e+00;
  0.000000e+00, 0.000000e+00, 0.000000e+00, 0.000000e+00, 0.000000e+00, 0.000000e+00, 0.000000e+00, 0.000000e+00, 0.000000e+00, 0.000000e+00, 0.000000e+00, 0.000000e+00;
  0.000000e+00, 0.000000e+00, 0.000000e+00, 0.000000e+00, 0.000000e+00, 0.000000e+00, 0.000000e+00, 0.000000e+00, -2.512651e-04, 1.851177e-04, -4.341271e-05, -6.838586e-05;
  0.000000e+00, 0.000000e+00, 0.000000e+00, 0.000000e+00, 0.000000e+00, 0.000000e+00, 0.000000e+00, 0.000000e+00, 1.851177e-04, -1.473389e-04, 5.836592e-05, 3.027017e-05;
  0.000000e+00, 0.000000e+00, 0.000000e+00, 0.000000e+00, 0.000000e+00, 0.000000e+00, 0.000000e+00, 0.000000e+00, -4.341271e-05, 5.836592e-05, -7.365604e-05, 4.575062e-05;
  0.000000e+00, 0.000000e+00, 0.000000e+00, 0.000000e+00, 0.000000e+00, 0.000000e+00, 0.000000e+00, 0.000000e+00, -6.838586e-05, 3.027017e-05, 4.575062e-05, -8.593328e-05;
];
K(:,:,2,2) = [
  1.375405e-02, -1.824852e-02, 2.083884e-02, -9.607230e-03, 0.000000e+00, 0.000000e+00, 0.000000e+00, 0.000000e+00, 6.141431e-05, -5.197584e-05, 2.724510e-05, 2.869996e-06;
  -1.824852e-02, 2.456151e-02, -2.913920e-02, 1.547296e-02, 0.000000e+00, 0.000000e+00, 0.000000e+00, 0.000000e+00, -2.612250e-04, 2.186698e-04, -1.114310e-04, -1.222156e-05;
  2.083884e-02, -2.913920e-02, 3.801499e-02, -2.655329e-02, 0.000000e+00, 0.000000e+00, 0.000000e+00, 0.000000e+00, 9.285041e-04, -7.842928e-04, 4.197327e-04, 8.110200e-06;
  -9.607230e-03, 1.547296e-02, -2.655329e-02, 2.992138e-02, 0.000000e+00, 0.000000e+00, 0.000000e+00, 0.000000e+00, -1.863579e-03, 1.617085e-03, -9.680407e-04, 1.388655e-04;
  0.000000e+00, 0.000000e+00, 0.000000e+00, 0.000000e+00, 0.000000e+00, 0.000000e+00, 0.000000e+00, 0.000000e+00, 0.000000e+00, 0.000000e+00, 0.000000e+00, 0.000000e+00;
  0.000000e+00, 0.000000e+00, 0.000000e+00, 0.000000e+00, 0.000000e+00, 0.000000e+00, 0.000000e+00, 0.000000e+00, 0.000000e+00, 0.000000e+00, 0.000000e+00, 0.000000e+00;
  0.000000e+00, 0.000000e+00, 0.000000e+00, 0.000000e+00, 0.000000e+00, 0.000000e+00, 0.000000e+00, 0.000000e+00, 0.000000e+00, 0.000000e+00, 0.000000e+00, 0.000000e+00;
  0.000000e+00, 0.000000e+00, 0.000000e+00, 0.000000e+00, 0.000000e+00, 0.000000e+00, 0.000000e+00, 0.000000e+00, 0.000000e+00, 0.000000e+00, 0.000000e+00, 0.000000e+00;
  0.000000e+00, 0.000000e+00, 0.000000e+00, 0.000000e+00, 0.000000e+00, 0.000000e+00, 0.000000e+00, 0.000000e+00, 4.033091e-04, -3.135672e-04, 1.092552e-04, 7.959819e-05;
  0.000000e+00, 0.000000e+00, 0.000000e+00, 0.000000e+00, 0.000000e+00, 0.000000e+00, 0.000000e+00, 0.000000e+00, -3.135672e-04, 2.562822e-04, -1.169845e-04, -3.211152e-05;
  0.000000e+00, 0.000000e+00, 0.000000e+00, 0.000000e+00, 0.000000e+00, 0.000000e+00, 0.000000e+00, 0.000000e+00, 1.092552e-04, -1.169845e-04, 1.149154e-04, -6.462264e-05;
  0.000000e+00, 0.000000e+00, 0.000000e+00, 0.000000e+00, 0.000000e+00, 0.000000e+00, 0.000000e+00, 0.000000e+00, 7.959819e-05, -3.211152e-05, -6.462264e-05, 1.191878e-04;
];
K(:,:,2,3) = [
  -9.951369e-03, 1.760038e-02, -3.019394e-02, 2.762440e-02, 0.000000e+00, 0.000000e+00, 0.000000e+00, 0.000000e+00, -1.259944e-05, 1.805936e-05, -2.610201e-05, 2.148310e-05;
  1.760038e-02, -2.913920e-02, 4.696085e-02, -4.134180e-02, 0.000000e+00, 0.000000e+00, 0.000000e+00, 0.000000e+00, 1.452496e-04, -1.424888e-04, 1.202675e-04, -5.813731e-05;
  -3.019394e-02, 4.696085e-02, -7.164881e-02, 6.290098e-02, 0.000000e+00, 0.000000e+00, 0.000000e+00, 0.000000e+00, -7.973400e-04, 7.170388e-04, -4.857420e-04, 1.440649e-04;
  2.762440e-02, -4.134180e-02, 6.290098e-02, -6.199105e-02, 0.000000e+00, 0.000000e+00, 0.000000e+00, 0.000000e+00, 2.156086e-03, -1.886135e-03, 1.178296e-03, -2.676990e-04;
  0.000000e+00, 0.000000e+00, 0.000000e+00, 0.000000e+00, 0.000000e+00, 0.000000e+00, 0.000000e+00, 0.000000e+00, 0.000000e+00, 0.000000e+00, 0.000000e+00, 0.000000e+00;
  0.000000e+00, 0.000000e+00, 0.000000e+00, 0.000000e+00, 0.000000e+00, 0.000000e+00, 0.000000e+00, 0.000000e+00, 0.000000e+00, 0.000000e+00, 0.000000e+00, 0.000000e+00;
  0.000000e+00, 0.000000e+00, 0.000000e+00, 0.000000e+00, 0.000000e+00, 0.000000e+00, 0.000000e+00, 0.000000e+00, 0.000000e+00, 0.000000e+00, 0.000000e+00, 0.000000e+00;
  0.000000e+00, 0.000000e+00, 0.000000e+00, 0.000000e+00, 0.000000e+00, 0.000000e+00, 0.000000e+00, 0.000000e+00, 0.000000e+00, 0.000000e+00, 0.000000e+00, 0.000000e+00;
  0.000000e+00, 0.000000e+00, 0.000000e+00, 0.000000e+00, 0.000000e+00, 0.000000e+00, 0.000000e+00, 0.000000e+00, -7.083260e-04, 5.965274e-04, -3.074566e-04, -3.742496e-05;
  0.000000e+00, 0.000000e+00, 0.000000e+00, 0.000000e+00, 0.000000e+00, 0.000000e+00, 0.000000e+00, 0.000000e+00, 5.965274e-04, -5.078913e-04, 2.795512e-04, -2.757696e-06;
  0.000000e+00, 0.000000e+00, 0.000000e+00, 0.000000e+00, 0.000000e+00, 0.000000e+00, 0.000000e+00, 0.000000e+00, -3.074566e-04, 2.795512e-04, -2.031924e-04, 8.890543e-05;
  0.000000e+00, 0.000000e+00, 0.000000e+00, 0.000000e+00, 0.000000e+00, 0.000000e+00, 0.000000e+00, 0.000000e+00, -3.742496e-05, -2.757696e-06, 8.890543e-05, -1.445189e-04;
];
K(:,:,2,4) = [
  4.197748e-04, -6.077921e-03, 2.438536e-02, -4.372437e-02, 0.000000e+00, 0.000000e+00, 0.000000e+00, 0.000000e+00, 4.885165e-05, -4.557263e-05, 3.633557e-05, -2.058718e-05;
  -6.077921e-03, 1.547296e-02, -4.134180e-02, 6.407943e-02, 0.000000e+00, 0.000000e+00, 0.000000e+00, 0.000000e+00, -2.070901e-04, 1.989125e-04, -1.653656e-04, 9.010909e-05;
  2.438536e-02, -4.134180e-02, 7.662959e-02, -9.424527e-02, 0.000000e+00, 0.000000e+00, 0.000000e+00, 0.000000e+00, 8.553253e-04, -8.096466e-04, 6.426331e-04, -3.132681e-04;
  -4.372437e-02, 6.407943e-02, -9.424527e-02, 9.074916e-02, 0.000000e+00, 0.000000e+00, 0.000000e+00, 0.000000e+00, -2.264152e-03, 2.065570e-03, -1.484460e-03, 5.896881e-04;
  0.000000e+00, 0.000000e+00, 0.000000e+00, 0.000000e+00, 0.000000e+00, 0.000000e+00, 0.000000e+00, 0.000000e+00, 0.000000e+00, 0.000000e+00, 0.000000e+00, 0.000000e+00;
  0.000000e+00, 0.000000e+00, 0.000000e+00, 0.000000e+00, 0.000000e+00, 0.000000e+00, 0.000000e+00, 0.000000e+00, 0.000000e+00, 0.000000e+00, 0.000000e+00, 0.000000e+00;
  0.000000e+00, 0.000000e+00, 0.000000e+00, 0.000000e+00, 0.000000e+00, 0.000000e+00, 0.000000e+00, 0.000000e+00, 0.000000e+00, 0.000000e+00, 0.000000e+00, 0.000000e+00;
  0.000000e+00, 0.000000e+00, 0.000000e+00, 0.000000e+00, 0.000000e+00, 0.000000e+00, 0.000000e+00, 0.000000e+00, 0.000000e+00, 0.000000e+00, 0.000000e+00, 0.000000e+00;
  0.000000e+00, 0.000000e+00, 0.000000e+00, 0.000000e+00, 0.000000e+00, 0.000000e+00, 0.000000e+00, 0.000000e+00, 8.915243e-04, -8.191157e-04, 5.755615e-04, -1.586958e-04;
  0.000000e+00, 0.000000e+00, 0.000000e+00, 0.000000e+00, 0.000000e+00, 0.000000e+00, 0.000000e+00, 0.000000e+00, -8.191157e-04, 7.335429e-04, -4.889057e-04, 1.311718e-04;
  0.000000e+00, 0.000000e+00, 0.000000e+00, 0.000000e+00, 0.000000e+00, 0.000000e+00, 0.000000e+00, 0.000000e+00, 5.755615e-04, -4.889057e-04, 2.891532e-04, -7.955497e-05;
  0.000000e+00, 0.000000e+00, 0.000000e+00, 0.000000e+00, 0.000000e+00, 0.000000e+00, 0.000000e+00, 0.000000e+00, -1.586958e-04, 1.311718e-04, -7.955497e-05, 5.169672e-05;
];
K(:,:,2,5) = [
  0.000000e+00, 0.000000e+00, 0.000000e+00, 0.000000e+00, -7.785638e-03, 8.619753e-03, -8.036405e-03, 4.062197e-03, 0.000000e+00, 0.000000e+00, 0.000000e+00, 0.000000e+00;
  0.000000e+00, 0.000000e+00, 0.000000e+00, 0.000000e+00, 1.041241e-02, -1.202804e-02, 1.257776e-02, -8.509590e-03, 0.000000e+00, 0.000000e+00, 0.000000e+00, 0.000000e+00;
  0.000000e+00, 0.000000e+00, 0.000000e+00, 0.000000e+00, -1.226436e-02, 1.581622e-02, -2.089477e-02, 2.053769e-02, 0.000000e+00, 0.000000e+00, 0.000000e+00, 0.000000e+00;
  0.000000e+00, 0.000000e+00, 0.000000e+00, 0.000000e+00, 6.918194e-03, -1.203890e-02, 2.377673e-02, -3.382428e-02, 0.000000e+00, 0.000000e+00, 0.000000e+00, 0.000000e+00;
  -6.619227e-03, 8.540187e-03, -8.976221e-03, 2.779672e-03, 0.000000e+00, 0.000000e+00, 0.000000e+00, 0.000000e+00, -9.555014e-05, 7.279292e-05, -2.227959e-05, -2.161306e-05;
  6.747533e-03, -8.908502e-03, 1.001844e-02, -4.266074e-03, 0.000000e+00, 0.000000e+00, 0.000000e+00, 0.000000e+00, 2.832217e-04, -2.235496e-04, 8.542684e-05, 4.753112e-05;
  -4.748268e-03, 6.779973e-03, -9.213932e-03, 6.690011e-03, 0.000000e+00, 0.000000e+00, 0.000000e+00, 0.000000e+00, -7.408287e-04, 6.140842e-04, -2.996318e-04, -5.179617e-05;
  -7.632471e-05, -7.367649e-04, 3.450975e-03, -6.352937e-03, 0.000000e+00, 0.000000e+00, 0.000000e+00, 0.000000e+00, 1.148499e-03, -1.014692e-03, 6.372571e-04, -1.079976e-04;
  0.000000e+00, 0.000000e+00, 0.000000e+00, 0.000000e+00, 0.000000e+00, 0.000000e+00, 0.000000e+00, 0.000000e+00, 0.000000e+00, 0.000000e+00, 0.000000e+00, 0.000000e+00;
  0.000000e+00, 0.000000e+00, 0.000000e+00, 0.000000e+00, 0.000000e+00, 0.000000e+00, 0.000000e+00, 0.000000e+00, 0.000000e+00, 0.000000e+00, 0.000000e+00, 0.000000e+00;
  0.000000e+00, 0.000000e+00, 0.000000e+00, 0.000000e+00, 0.000000e+00, 0.000000e+00, 0.000000e+00, 0.000000e+00, 0.000000e+00, 0.000000e+00, 0.000000e+00, 0.000000e+00;
  0.000000e+00, 0.000000e+00, 0.000000e+00, 0.000000e+00, 0.000000e+00, 0.000000e+00, 0.000000e+00, 0.000000e+00, 0.000000e+00, 0.000000e+00, 0.000000e+00, 0.000000e+00;
];
K(:,:,2,6) = [
  0.000000e+00, 0.000000e+00, 0.000000e+00, 0.000000e+00, 8.619753e-03, -1.202804e-02, 1.581622e-02, -1.203890e-02, 0.000000e+00, 0.000000e+00, 0.000000e+00, 0.000000e+00;
  0.000000e+00, 0.000000e+00, 0.000000e+00, 0.000000e+00, -1.202804e-02, 1.724053e-02, -2.413911e-02, 2.114039e-02, 0.000000e+00, 0.000000e+00, 0.000000e+00, 0.000000e+00;
  0.000000e+00, 0.000000e+00, 0.000000e+00, 0.000000e+00, 1.581622e-02, -2.413911e-02, 3.851810e-02, -4.238487e-02, 0.000000e+00, 0.000000e+00, 0.000000e+00, 0.000000e+00;
  0.000000e+00, 0.000000e+00, 0.000000e+00, 0.000000e+00, -1.203890e-02, 2.114039e-02, -4.238487e-02, 6.160524e-02, 0.000000e+00, 0.000000e+00, 0.000000e+00, 0.000000e+00;
  6.747533e-03, -8.908502e-03, 1.001844e-02, -4.266074e-03, 0.000000e+00, 0.000000e+00, 0.000000e+00, 0.000000e+00, 3.070715e-05, -2.598792e-05, 1.362255e-05, 1.434998e-06;
  -8.908502e-03, 1.191224e-02, -1.385860e-02, 6.740674e-03, 0.000000e+00, 0.000000e+00, 0.000000e+00, 0.000000e+00, -1.306125e-04, 1.093349e-04, -5.571550e-05, -6.110780e-06;
  1.001844e-02, -1.385860e-02, 1.755795e-02, -1.111426e-02, 0.000000e+00, 0.000000e+00, 0.000000e+00, 0.000000e+00, 4.642521e-04, -3.921464e-04, 2.098663e-04, 4.055100e-06;
  -4.266074e-03, 6.740674e-03, -1.111426e-02, 1.149595e-02, 0.000000e+00, 0.000000e+00, 0.000000e+00, 0.000000e+00, -9.317895e-04, 8.085423e-04, -4.840204e-04, 6.943275e-05;
  0.000000e+00, 0.000000e+00, 0.000000e+00, 0.000000e+00, 0.000000e+00, 0.000000e+00, 0.000000e+00, 0.000000e+00, 0.000000e+00, 0.000000e+00, 0.000000e+00, 0.000000e+00;
  0.000000e+00, 0.000000e+00, 0.000000e+00, 0.000000e+00, 0.000000e+00, 0.000000e+00, 0.000000e+00, 0.000000e+00, 0.000000e+00, 0.000000e+00, 0.000000e+00, 0.000000e+00;
  0.000000e+00, 0.000000e+00, 0.000000e+00, 0.000000e+00, 0.000000e+00, 0.000000e+00, 0.000000e+00, 0.000000e+00, 0.000000e+00, 0.000000e+00, 0.000000e+00, 0.000000e+00;
  0.000000e+00, 0.000000e+00, 0.000000e+00, 0.000000e+00, 0.000000e+00, 0.000000e+00, 0.000000e+00, 0.000000e+00, 0.000000e+00, 0.000000e+00, 0.000000e+00, 0.000000e+00;
];
K(:,:,2,7) = [
  0.000000e+00, 0.000000e+00, 0.000000e+00, 0.000000e+00, -8.036405e-03, 1.581622e-02, -3.104518e-02, 3.565790e-02, 0.000000e+00, 0.000000e+00, 0.000000e+00, 0.000000e+00;
  0.000000e+00, 0.000000e+00, 0.000000e+00, 0.000000e+00, 1.257776e-02, -2.413911e-02, 4.746396e-02, -5.717338e-02, 0.000000e+00, 0.000000e+00, 0.000000e+00, 0.000000e+00;
  0.000000e+00, 0.000000e+00, 0.000000e+00, 0.000000e+00, -2.089477e-02, 3.851810e-02, -7.646354e-02, 1.008490e-01, 0.000000e+00, 0.000000e+00, 0.000000e+00, 0.000000e+00;
  0.000000e+00, 0.000000e+00, 0.000000e+00, 0.000000e+00, 2.377673e-02, -4.238487e-02, 8.712044e-02, -1.310629e-01, 0.000000e+00, 0.000000e+00, 0.000000e+00, 0.000000e+00;
  -4.748268e-03, 6.779973e-03, -9.213932e-03, 6.690011e-03, 0.000000e+00, 0.000000e+00, 0.000000e+00, 0.000000e+00, 4.941802e-05, -3.455355e-05, 3.299323e-06, 1.945254e-05;
  1.001844e-02, -1.385860e-02, 1.755795e-02, -1.111426e-02, 0.000000e+00, 0.000000e+00, 0.000000e+00, 0.000000e+00, -1.125814e-04, 7.870973e-05, -6.285214e-06, -4.838159e-05;
  -1.936434e-02, 2.650382e-02, -3.280530e-02, 1.994099e-02, 0.000000e+00, 0.000000e+00, 0.000000e+00, 0.000000e+00, 1.292969e-04, -8.626731e-05, -8.774753e-06, 8.393656e-05;
  1.857119e-02, -2.590277e-02, 3.366960e-02, -2.356327e-02, 0.000000e+00, 0.000000e+00, 0.000000e+00, 0.000000e+00, 2.220127e-04, -1.862160e-04, 1.092122e-04, -3.896156e-05;
  0.000000e+00, 0.000000e+00, 0.000000e+00, 0.000000e+00, 0.000000e+00, 0.000000e+00, 0.000000e+00, 0.000000e+00, 0.000000e+00, 0.000000e+00, 0.000000e+00, 0.000000e+00;
  0.000000e+00, 0.000000e+00, 0.000000e+00, 0.000000e+00, 0.000000e+00, 0.000000e+00, 0.000000e+00, 0.000000e+00, 0.000000e+00, 0.000000e+00, 0.000000e+00, 0.000000e+00;
  0.000000e+00, 0.000000e+00, 0.000000e+00, 0.000000e+00, 0.000000e+00, 0.000000e+00, 0.000000e+00, 0.000000e+00, 0.000000e+00, 0.000000e+00, 0.000000e+00, 0.000000e+00;
  0.000000e+00, 0.000000e+00, 0.000000e+00, 0.000000e+00, 0.000000e+00, 0.000000e+00, 0.000000e+00, 0.000000e+00, 0.000000e+00, 0.000000e+00, 0.000000e+00, 0.000000e+00;
];
K(:,:,2,8) = [
  0.000000e+00, 0.000000e+00, 0.000000e+00, 0.000000e+00, 4.062197e-03, -1.203890e-02, 3.565790e-02, -6.104366e-02, 0.000000e+00, 0.000000e+00, 0.000000e+00, 0.000000e+00;
  0.000000e+00, 0.000000e+00, 0.000000e+00, 0.000000e+00, -8.509590e-03, 2.114039e-02, -5.717338e-02, 9.576329e-02, 0.000000e+00, 0.000000e+00, 0.000000e+00, 0.000000e+00;
