function K = K_matr(p)
% Auto-generated constant matrix
K = zeros(12,12);
K = [
  5.942160e+00, -1.188432e+01, 2.971080e+01, -5.942160e+01, 0.000000e+00, 0.000000e+00, 0.000000e+00, 0.000000e+00, 0.000000e+00, 0.000000e+00, 0.000000e+00, 0.000000e+00;
  -1.188432e+01, 4.159512e+01, -1.307275e+02, 2.792815e+02, 0.000000e+00, 0.000000e+00, 0.000000e+00, 0.000000e+00, 0.000000e+00, 0.000000e+00, 0.000000e+00, 0.000000e+00;
  2.971080e+01, -1.307275e+02, 5.098373e+02, -1.243100e+03, 0.000000e+00, 0.000000e+00, 0.000000e+00, 0.000000e+00, 0.000000e+00, 0.000000e+00, 0.000000e+00, 0.000000e+00;
  -5.942160e+01, 2.792815e+02, -1.243100e+03, 3.472429e+03, 0.000000e+00, 0.000000e+00, 0.000000e+00, 0.000000e+00, 0.000000e+00, 0.000000e+00, 0.000000e+00, 0.000000e+00;
  0.000000e+00, 0.000000e+00, 0.000000e+00, 0.000000e+00, 1.549363e+02, -3.098726e+02, 7.746816e+02, -1.549363e+03, 0.000000e+00, 0.000000e+00, 0.000000e+00, 0.000000e+00;
  0.000000e+00, 0.000000e+00, 0.000000e+00, 0.000000e+00, -3.098726e+02, 1.084554e+03, -3.408599e+03, 7.282007e+03, 0.000000e+00, 0.000000e+00, 0.000000e+00, 0.000000e+00;
  0.000000e+00, 0.000000e+00, 0.000000e+00, 0.000000e+00, 7.746816e+02, -3.408599e+03, 1.329354e+04, -3.241268e+04, 0.000000e+00, 0.000000e+00, 0.000000e+00, 0.000000e+00;
  0.000000e+00, 0.000000e+00, 0.000000e+00, 0.000000e+00, -1.549363e+03, 7.282007e+03, -3.241268e+04, 9.054036e+04, 0.000000e+00, 0.000000e+00, 0.000000e+00, 0.000000e+00;
  0.000000e+00, 0.000000e+00, 0.000000e+00, 0.000000e+00, 0.000000e+00, 0.000000e+00, 0.000000e+00, 0.000000e+00, 2.213900e+00, -2.213900e+00, 2.213900e+00, -2.213900e+00;
  0.000000e+00, 0.000000e+00, 0.000000e+00, 0.000000e+00, 0.000000e+00, 0.000000e+00, 0.000000e+00, 0.000000e+00, -2.213900e+00, 5.165767e+00, -8.117633e+00, 7.527260e+00;
  0.000000e+00, 0.000000e+00, 0.000000e+00, 0.000000e+00, 0.000000e+00, 0.000000e+00, 0.000000e+00, 0.000000e+00, 2.213900e+00, -8.117633e+00, 2.110585e+01, -2.700958e+01;
  0.000000e+00, 0.000000e+00, 0.000000e+00, 0.000000e+00, 0.000000e+00, 0.000000e+00, 0.000000e+00, 0.000000e+00, -2.213900e+00, 7.527260e+00, -2.700958e+01, 5.307035e+01;
];
