function K = massModel(p)
% Auto-generated constant matrix
K = zeros(1,12,12,12);
K(:,:,1,1) = [
  0.000000e+00, 0.000000e+00, 0.000000e+00, 0.000000e+00, 0.000000e+00, 0.000000e+00, 0.000000e+00, 0.000000e+00, 0.000000e+00, 0.000000e+00, 0.000000e+00, 0.000000e+00;
];
K(:,:,1,2) = [
  0.000000e+00, 0.000000e+00, 0.000000e+00, 0.000000e+00, 0.000000e+00, 0.000000e+00, 0.000000e+00, 0.000000e+00, 0.000000e+00, 0.000000e+00, 0.000000e+00, 0.000000e+00;
];
K(:,:,1,3) = [
  0.000000e+00, 0.000000e+00, 0.000000e+00, 0.000000e+00, 0.000000e+00, 0.000000e+00, 0.000000e+00, 0.000000e+00, 0.000000e+00, 0.000000e+00, 0.000000e+00, 0.000000e+00;
];
K(:,:,1,4) = [
  0.000000e+00, 0.000000e+00, 0.000000e+00, 0.000000e+00, 0.000000e+00, 0.000000e+00, 0.000000e+00, 0.000000e+00, 0.000000e+00, 0.000000e+00, 0.000000e+00, 0.000000e+00;
];
K(:,:,1,5) = [
  -2.255335e-04, 1.956044e-04, -7.355345e-05, -7.531873e-05, 0.000000e+00, 0.000000e+00, 0.000000e+00, 0.000000e+00, 3.229357e-04, -1.920666e-04, -2.744156e-05, 1.129534e-04;
];
K(:,:,1,6) = [
  3.359836e-04, -3.204677e-04, 1.774964e-04, 6.997237e-05, 0.000000e+00, 0.000000e+00, 0.000000e+00, 0.000000e+00, -4.495678e-04, 3.176539e-04, -4.561417e-05, -1.437665e-04;
];
K(:,:,1,7) = [
  -5.337505e-04, 5.768924e-04, -4.622853e-04, 4.424493e-05, 0.000000e+00, 0.000000e+00, 0.000000e+00, 0.000000e+00, 6.521859e-04, -5.666741e-04, 2.856625e-04, 9.929620e-05;
];
K(:,:,1,8) = [
  6.132116e-04, -7.406724e-04, 7.825348e-04, -3.622318e-04, 0.000000e+00, 0.000000e+00, 0.000000e+00, 0.000000e+00, -6.958954e-04, 7.045280e-04, -5.910483e-04, 1.848393e-04;
];
K(:,:,1,9) = [
  0.000000e+00, 0.000000e+00, 0.000000e+00, 0.000000e+00, 0.000000e+00, 0.000000e+00, 0.000000e+00, 0.000000e+00, 0.000000e+00, 0.000000e+00, 0.000000e+00, 0.000000e+00;
];
K(:,:,1,10) = [
  0.000000e+00, 0.000000e+00, 0.000000e+00, 0.000000e+00, 0.000000e+00, 0.000000e+00, 0.000000e+00, 0.000000e+00, 0.000000e+00, 0.000000e+00, 0.000000e+00, 0.000000e+00;
];
K(:,:,1,11) = [
  0.000000e+00, 0.000000e+00, 0.000000e+00, 0.000000e+00, 0.000000e+00, 0.000000e+00, 0.000000e+00, 0.000000e+00, 0.000000e+00, 0.000000e+00, 0.000000e+00, 0.000000e+00;
];
K(:,:,1,12) = [
  0.000000e+00, 0.000000e+00, 0.000000e+00, 0.000000e+00, 0.000000e+00, 0.000000e+00, 0.000000e+00, 0.000000e+00, 0.000000e+00, 0.000000e+00, 0.000000e+00, 0.000000e+00;
];
K(:,:,2,1) = [
  0.000000e+00, 0.000000e+00, 0.000000e+00, 0.000000e+00, 0.000000e+00, 0.000000e+00, 0.000000e+00, 0.000000e+00, 0.000000e+00, 0.000000e+00, 0.000000e+00, 0.000000e+00;
];
K(:,:,2,2) = [
  0.000000e+00, 0.000000e+00, 0.000000e+00, 0.000000e+00, 0.000000e+00, 0.000000e+00, 0.000000e+00, 0.000000e+00, 0.000000e+00, 0.000000e+00, 0.000000e+00, 0.000000e+00;
];
K(:,:,2,3) = [
  0.000000e+00, 0.000000e+00, 0.000000e+00, 0.000000e+00, 0.000000e+00, 0.000000e+00, 0.000000e+00, 0.000000e+00, 0.000000e+00, 0.000000e+00, 0.000000e+00, 0.000000e+00;
];
K(:,:,2,4) = [
  0.000000e+00, 0.000000e+00, 0.000000e+00, 0.000000e+00, 0.000000e+00, 0.000000e+00, 0.000000e+00, 0.000000e+00, 0.000000e+00, 0.000000e+00, 0.000000e+00, 0.000000e+00;
];
K(:,:,2,5) = [
  1.956044e-04, -2.453292e-04, 2.325402e-04, -2.817011e-05, 0.000000e+00, 0.000000e+00, 0.000000e+00, 0.000000e+00, -4.495678e-04, 3.176539e-04, -4.561417e-05, -1.437665e-04;
];
K(:,:,2,6) = [
  -3.204677e-04, 4.109474e-04, -4.246039e-04, 1.158915e-04, 0.000000e+00, 0.000000e+00, 0.000000e+00, 0.000000e+00, 7.012648e-04, -5.302134e-04, 1.532227e-04, 1.694512e-04;
];
K(:,:,2,7) = [
  5.768924e-04, -7.712121e-04, 8.986768e-04, -4.240774e-04, 0.000000e+00, 0.000000e+00, 0.000000e+00, 0.000000e+00, -1.176104e-03, 9.867233e-04, -4.933647e-04, -9.585495e-05;
];
K(:,:,2,8) = [
  -7.406724e-04, 1.046927e-03, -1.385202e-03, 9.365472e-04, 0.000000e+00, 0.000000e+00, 0.000000e+00, 0.000000e+00, 1.404740e-03, -1.317472e-03, 9.625497e-04, -2.723083e-04;
];
K(:,:,2,9) = [
  0.000000e+00, 0.000000e+00, 0.000000e+00, 0.000000e+00, 0.000000e+00, 0.000000e+00, 0.000000e+00, 0.000000e+00, 0.000000e+00, 0.000000e+00, 0.000000e+00, 0.000000e+00;
];
K(:,:,2,10) = [
  0.000000e+00, 0.000000e+00, 0.000000e+00, 0.000000e+00, 0.000000e+00, 0.000000e+00, 0.000000e+00, 0.000000e+00, 0.000000e+00, 0.000000e+00, 0.000000e+00, 0.000000e+00;
];
K(:,:,2,11) = [
  0.000000e+00, 0.000000e+00, 0.000000e+00, 0.000000e+00, 0.000000e+00, 0.000000e+00, 0.000000e+00, 0.000000e+00, 0.000000e+00, 0.000000e+00, 0.000000e+00, 0.000000e+00;
];
K(:,:,2,12) = [
  0.000000e+00, 0.000000e+00, 0.000000e+00, 0.000000e+00, 0.000000e+00, 0.000000e+00, 0.000000e+00, 0.000000e+00, 0.000000e+00, 0.000000e+00, 0.000000e+00, 0.000000e+00;
];
K(:,:,3,1) = [
  0.000000e+00, 0.000000e+00, 0.000000e+00, 0.000000e+00, 0.000000e+00, 0.000000e+00, 0.000000e+00, 0.000000e+00, 0.000000e+00, 0.000000e+00, 0.000000e+00, 0.000000e+00;
];
K(:,:,3,2) = [
  0.000000e+00, 0.000000e+00, 0.000000e+00, 0.000000e+00, 0.000000e+00, 0.000000e+00, 0.000000e+00, 0.000000e+00, 0.000000e+00, 0.000000e+00, 0.000000e+00, 0.000000e+00;
];
K(:,:,3,3) = [
  0.000000e+00, 0.000000e+00, 0.000000e+00, 0.000000e+00, 0.000000e+00, 0.000000e+00, 0.000000e+00, 0.000000e+00, 0.000000e+00, 0.000000e+00, 0.000000e+00, 0.000000e+00;
];
K(:,:,3,4) = [
  0.000000e+00, 0.000000e+00, 0.000000e+00, 0.000000e+00, 0.000000e+00, 0.000000e+00, 0.000000e+00, 0.000000e+00, 0.000000e+00, 0.000000e+00, 0.000000e+00, 0.000000e+00;
];
K(:,:,3,5) = [
  -7.355345e-05, 2.325402e-04, -5.045659e-04, 4.370559e-04, 0.000000e+00, 0.000000e+00, 0.000000e+00, 0.000000e+00, 6.521859e-04, -5.666741e-04, 2.856625e-04, 9.929620e-05;
];
K(:,:,3,6) = [
  1.774964e-04, -4.246039e-04, 8.551660e-04, -7.785083e-04, 0.000000e+00, 0.000000e+00, 0.000000e+00, 0.000000e+00, -1.176104e-03, 9.867233e-04, -4.933647e-04, -9.585495e-05;
];
K(:,:,3,7) = [
  -4.622853e-04, 8.986768e-04, -1.674539e-03, 1.619402e-03, 0.000000e+00, 0.000000e+00, 0.000000e+00, 0.000000e+00, 2.356859e-03, -1.971900e-03, 1.057955e-03, -2.964052e-05;
];
K(:,:,3,8) = [
  7.825348e-04, -1.385202e-03, 2.479201e-03, -2.541122e-03, 0.000000e+00, 0.000000e+00, 0.000000e+00, 0.000000e+00, -3.287048e-03, 2.880839e-03, -1.825114e-03, 4.611350e-04;
];
K(:,:,3,9) = [
  0.000000e+00, 0.000000e+00, 0.000000e+00, 0.000000e+00, 0.000000e+00, 0.000000e+00, 0.000000e+00, 0.000000e+00, 0.000000e+00, 0.000000e+00, 0.000000e+00, 0.000000e+00;
];
K(:,:,3,10) = [
  0.000000e+00, 0.000000e+00, 0.000000e+00, 0.000000e+00, 0.000000e+00, 0.000000e+00, 0.000000e+00, 0.000000e+00, 0.000000e+00, 0.000000e+00, 0.000000e+00, 0.000000e+00;
];
K(:,:,3,11) = [
  0.000000e+00, 0.000000e+00, 0.000000e+00, 0.000000e+00, 0.000000e+00, 0.000000e+00, 0.000000e+00, 0.000000e+00, 0.000000e+00, 0.000000e+00, 0.000000e+00, 0.000000e+00;
];
K(:,:,3,12) = [
  0.000000e+00, 0.000000e+00, 0.000000e+00, 0.000000e+00, 0.000000e+00, 0.000000e+00, 0.000000e+00, 0.000000e+00, 0.000000e+00, 0.000000e+00, 0.000000e+00, 0.000000e+00;
];
K(:,:,4,1) = [
  0.000000e+00, 0.000000e+00, 0.000000e+00, 0.000000e+00, 0.000000e+00, 0.000000e+00, 0.000000e+00, 0.000000e+00, 0.000000e+00, 0.000000e+00, 0.000000e+00, 0.000000e+00;
];
K(:,:,4,2) = [
  0.000000e+00, 0.000000e+00, 0.000000e+00, 0.000000e+00, 0.000000e+00, 0.000000e+00, 0.000000e+00, 0.000000e+00, 0.000000e+00, 0.000000e+00, 0.000000e+00, 0.000000e+00;
];
K(:,:,4,3) = [
  0.000000e+00, 0.000000e+00, 0.000000e+00, 0.000000e+00, 0.000000e+00, 0.000000e+00, 0.000000e+00, 0.000000e+00, 0.000000e+00, 0.000000e+00, 0.000000e+00, 0.000000e+00;
];
K(:,:,4,4) = [
  0.000000e+00, 0.000000e+00, 0.000000e+00, 0.000000e+00, 0.000000e+00, 0.000000e+00, 0.000000e+00, 0.000000e+00, 0.000000e+00, 0.000000e+00, 0.000000e+00, 0.000000e+00;
];
K(:,:,4,5) = [
  -7.531873e-05, -2.817011e-05, 4.370559e-04, -8.912744e-04, 0.000000e+00, 0.000000e+00, 0.000000e+00, 0.000000e+00, -6.958954e-04, 7.045280e-04, -5.910483e-04, 1.848393e-04;
];
