function K = Drg_proj1(p)
% Auto-generated constant matrix
K = zeros(20,12);
K = [
  0.000000e+00, 0.000000e+00, 0.000000e+00, 0.000000e+00, -2.681406e-04, -2.547336e-04, -2.158532e-04, -1.553875e-04, 0.000000e+00, 0.000000e+00, 0.000000e+00, 0.000000e+00;
  0.000000e+00, 0.000000e+00, 0.000000e+00, 0.000000e+00, -2.413266e-03, -2.051276e-03, -1.073903e-03, 2.256403e-04, 0.000000e+00, 0.000000e+00, 0.000000e+00, 0.000000e+00;
  0.000000e+00, 0.000000e+00, 0.000000e+00, 0.000000e+00, -6.703516e-03, -5.027637e-03, -8.379395e-04, 3.770728e-03, 0.000000e+00, 0.000000e+00, 0.000000e+00, 0.000000e+00;
  0.000000e+00, 0.000000e+00, 0.000000e+00, 0.000000e+00, -1.313889e-02, -8.540279e-03, 2.036528e-03, 1.118777e-02, 0.000000e+00, 0.000000e+00, 0.000000e+00, 0.000000e+00;
  0.000000e+00, 0.000000e+00, 0.000000e+00, 0.000000e+00, -2.171939e-02, -1.194566e-02, 8.579159e-03, 2.138274e-02, 0.000000e+00, 0.000000e+00, 0.000000e+00, 0.000000e+00;
  0.000000e+00, 0.000000e+00, 0.000000e+00, 0.000000e+00, -3.244502e-02, -1.460026e-02, 1.930478e-02, 3.197456e-02, 0.000000e+00, 0.000000e+00, 0.000000e+00, 0.000000e+00;
  0.000000e+00, 0.000000e+00, 0.000000e+00, 0.000000e+00, -4.531577e-02, -1.586052e-02, 3.421340e-02, 3.980990e-02, 0.000000e+00, 0.000000e+00, 0.000000e+00, 0.000000e+00;
  0.000000e+00, 0.000000e+00, 0.000000e+00, 0.000000e+00, -6.033164e-02, -1.508291e-02, 5.279019e-02, 4.147800e-02, 0.000000e+00, 0.000000e+00, 0.000000e+00, 0.000000e+00;
  0.000000e+00, 0.000000e+00, 0.000000e+00, 0.000000e+00, -7.749264e-02, -1.162390e-02, 7.400547e-02, 3.382554e-02, 0.000000e+00, 0.000000e+00, 0.000000e+00, 0.000000e+00;
  0.000000e+00, 0.000000e+00, 0.000000e+00, 0.000000e+00, -9.679877e-02, -4.839938e-03, 9.631477e-02, 1.447142e-02, 0.000000e+00, 0.000000e+00, 0.000000e+00, 0.000000e+00;
  0.000000e+00, 0.000000e+00, 0.000000e+00, 0.000000e+00, -1.182500e-01, 5.912501e-03, 1.176588e-01, -1.767838e-02, 0.000000e+00, 0.000000e+00, 0.000000e+00, 0.000000e+00;
  0.000000e+00, 0.000000e+00, 0.000000e+00, 0.000000e+00, -1.418464e-01, 2.127696e-02, 1.354633e-01, -6.191595e-02, 0.000000e+00, 0.000000e+00, 0.000000e+00, 0.000000e+00;
  0.000000e+00, 0.000000e+00, 0.000000e+00, 0.000000e+00, -1.675879e-01, 4.189697e-02, 1.466394e-01, -1.152167e-01, 0.000000e+00, 0.000000e+00, 0.000000e+00, 0.000000e+00;
  0.000000e+00, 0.000000e+00, 0.000000e+00, 0.000000e+00, -1.954745e-01, 6.841608e-02, 1.475833e-01, -1.717244e-01, 0.000000e+00, 0.000000e+00, 0.000000e+00, 0.000000e+00;
  0.000000e+00, 0.000000e+00, 0.000000e+00, 0.000000e+00, -2.255063e-01, 1.014778e-01, 1.341762e-01, -2.222364e-01, 0.000000e+00, 0.000000e+00, 0.000000e+00, 0.000000e+00;
  0.000000e+00, 0.000000e+00, 0.000000e+00, 0.000000e+00, -2.576831e-01, 1.417257e-01, 1.017848e-01, -2.536891e-01, 0.000000e+00, 0.000000e+00, 0.000000e+00, 0.000000e+00;
  0.000000e+00, 0.000000e+00, 0.000000e+00, 0.000000e+00, -2.920051e-01, 1.898033e-01, 4.526080e-02, -2.486424e-01, 0.000000e+00, 0.000000e+00, 0.000000e+00, 0.000000e+00;
  0.000000e+00, 0.000000e+00, 0.000000e+00, 0.000000e+00, -3.284723e-01, 2.463542e-01, -4.105903e-02, -1.847656e-01, 0.000000e+00, 0.000000e+00, 0.000000e+00, 0.000000e+00;
  0.000000e+00, 0.000000e+00, 0.000000e+00, 0.000000e+00, -3.670845e-01, 3.120218e-01, -1.633526e-01, -3.432240e-02, 0.000000e+00, 0.000000e+00, 0.000000e+00, 0.000000e+00;
  0.000000e+00, 0.000000e+00, 0.000000e+00, 0.000000e+00, -4.078419e-01, 3.874498e-01, -3.283127e-01, 2.363444e-01, 0.000000e+00, 0.000000e+00, 0.000000e+00, 0.000000e+00;
];
