function K = Lif_proj1(p)
% Auto-generated constant matrix
K = zeros(20,12);
K = [
  2.681406e-04, 2.547336e-04, 2.158532e-04, 1.553875e-04, 0.000000e+00, 0.000000e+00, 0.000000e+00, 0.000000e+00, 6.140625e-04, 5.833594e-04, 4.943203e-04, 3.558492e-04;
  2.413266e-03, 2.051276e-03, 1.073903e-03, -2.256403e-04, 0.000000e+00, 0.000000e+00, 0.000000e+00, 0.000000e+00, 1.842188e-03, 1.565859e-03, 8.197734e-04, -1.722445e-04;
  6.703516e-03, 5.027637e-03, 8.379395e-04, -3.770728e-03, 0.000000e+00, 0.000000e+00, 0.000000e+00, 0.000000e+00, 3.070313e-03, 2.302734e-03, 3.837891e-04, -1.727051e-03;
  1.313889e-02, 8.540279e-03, -2.036528e-03, -1.118777e-02, 0.000000e+00, 0.000000e+00, 0.000000e+00, 0.000000e+00, 4.298438e-03, 2.793984e-03, -6.662578e-04, -3.660120e-03;
  2.171939e-02, 1.194566e-02, -8.579159e-03, -2.138274e-02, 0.000000e+00, 0.000000e+00, 0.000000e+00, 0.000000e+00, 5.526563e-03, 3.039609e-03, -2.182992e-03, -5.440901e-03;
  3.244502e-02, 1.460026e-02, -1.930478e-02, -3.197456e-02, 0.000000e+00, 0.000000e+00, 0.000000e+00, 0.000000e+00, 6.754688e-03, 3.039609e-03, -4.019039e-03, -6.656745e-03;
  4.531577e-02, 1.586052e-02, -3.421340e-02, -3.980990e-02, 0.000000e+00, 0.000000e+00, 0.000000e+00, 0.000000e+00, 7.982813e-03, 2.793984e-03, -6.027023e-03, -7.012901e-03;
  6.033164e-02, 1.508291e-02, -5.279019e-02, -4.147800e-02, 0.000000e+00, 0.000000e+00, 0.000000e+00, 0.000000e+00, 9.210938e-03, 2.302734e-03, -8.059570e-03, -6.332520e-03;
  7.749264e-02, 1.162390e-02, -7.400547e-02, -3.382554e-02, 0.000000e+00, 0.000000e+00, 0.000000e+00, 0.000000e+00, 1.043906e-02, 1.565859e-03, -9.969305e-03, -4.556651e-03;
  9.679877e-02, 4.839938e-03, -9.631477e-02, -1.447142e-02, 0.000000e+00, 0.000000e+00, 0.000000e+00, 0.000000e+00, 1.166719e-02, 5.833594e-04, -1.160885e-02, -1.744245e-03;
  1.182500e-01, -5.912501e-03, -1.176588e-01, 1.767838e-02, 0.000000e+00, 0.000000e+00, 0.000000e+00, 0.000000e+00, 1.289531e-02, -6.447656e-04, -1.283084e-02, 1.927849e-03;
  1.418464e-01, -2.127696e-02, -1.354633e-01, 6.191595e-02, 0.000000e+00, 0.000000e+00, 0.000000e+00, 0.000000e+00, 1.412344e-02, -2.118516e-03, -1.348788e-02, 6.164880e-03;
  1.675879e-01, -4.189697e-02, -1.466394e-01, 1.152167e-01, 0.000000e+00, 0.000000e+00, 0.000000e+00, 0.000000e+00, 1.535156e-02, -3.837891e-03, -1.343262e-02, 1.055420e-02;
  1.954745e-01, -6.841608e-02, -1.475833e-01, 1.717244e-01, 0.000000e+00, 0.000000e+00, 0.000000e+00, 0.000000e+00, 1.657969e-02, -5.802891e-03, -1.251766e-02, 1.456526e-02;
  2.255063e-01, -1.014778e-01, -1.341762e-01, 2.222364e-01, 0.000000e+00, 0.000000e+00, 0.000000e+00, 0.000000e+00, 1.780781e-02, -8.013516e-03, -1.059565e-02, 1.754960e-02;
  2.576831e-01, -1.417257e-01, -1.017848e-01, 2.536891e-01, 0.000000e+00, 0.000000e+00, 0.000000e+00, 0.000000e+00, 1.903594e-02, -1.046977e-02, -7.519195e-03, 1.874088e-02;
  2.920051e-01, -1.898033e-01, -4.526080e-02, 2.486424e-01, 0.000000e+00, 0.000000e+00, 0.000000e+00, 0.000000e+00, 2.026406e-02, -1.317164e-02, -3.140930e-03, 1.725485e-02;
  3.284723e-01, -2.463542e-01, 4.105903e-02, 1.847656e-01, 0.000000e+00, 0.000000e+00, 0.000000e+00, 0.000000e+00, 2.149219e-02, -1.611914e-02, 2.686523e-03, 1.208936e-02;
  3.670845e-01, -3.120218e-01, 1.633526e-01, 3.432240e-02, 0.000000e+00, 0.000000e+00, 0.000000e+00, 0.000000e+00, 2.272031e-02, -1.931227e-02, 1.011054e-02, 2.124349e-03;
  4.078419e-01, -3.874498e-01, 3.283127e-01, -2.363444e-01, 0.000000e+00, 0.000000e+00, 0.000000e+00, 0.000000e+00, 2.394844e-02, -2.275102e-02, 1.927849e-02, -1.387812e-02;
];
