function K = u_ind(p)
% Auto-generated constant matrix
K = zeros(20,20);
K = [
  6.479591e+00, -3.887754e+00, -9.256558e-01, -4.319727e-01, -2.524516e-01, -1.661433e-01, -1.178107e-01, -8.795824e-02, -6.820622e-02, -5.445034e-02, -4.448232e-02, -3.702623e-02, -3.130237e-02, -2.681210e-02, -2.322434e-02, -2.031220e-02, -1.791592e-02, -1.592037e-02, -1.424086e-02, -1.281396e-02;
  -3.887754e+00, 9.441689e+00, -3.394071e+00, -7.461347e-01, -3.456645e-01, -2.041190e-01, -1.362909e-01, -9.805871e-02, -7.420237e-02, -5.823819e-02, -4.699426e-02, -3.875845e-02, -3.253596e-02, -2.771461e-02, -2.389996e-02, -2.082806e-02, -1.831665e-02, -1.623641e-02, -1.449347e-02, -1.301830e-02;
  -9.256558e-01, -3.394071e+00, 9.621210e+00, -3.307763e+00, -6.978021e-01, -3.158120e-01, -1.843669e-01, -1.225350e-01, -8.809069e-02, -6.674628e-02, -5.251433e-02, -4.250399e-02, -3.517069e-02, -2.962382e-02, -2.531833e-02, -2.190441e-02, -1.914855e-02, -1.688975e-02, -1.501385e-02, -1.343799e-02;
  -4.319727e-01, -7.461347e-01, -3.307763e+00, 9.669543e+00, -3.277911e+00, -6.780500e-01, -3.020561e-01, -1.743989e-01, -1.150789e-01, -8.236682e-02, -6.225601e-02, -4.892657e-02, -3.959184e-02, -3.277442e-02, -2.762827e-02, -2.363882e-02, -2.047751e-02, -1.792599e-02, -1.583427e-02, -1.409632e-02;
  -2.524516e-01, -3.456645e-01, -6.978021e-01, -3.277911e+00, 9.689295e+00, -3.264155e+00, -6.680820e-01, -2.946000e-01, -1.686751e-01, -1.105886e-01, -7.877906e-02, -5.934387e-02, -4.653029e-02, -3.759630e-02, -3.109490e-02, -2.620137e-02, -2.241626e-02, -1.942203e-02, -1.700846e-02, -1.503165e-02;
  -1.661433e-01, -2.041190e-01, -3.158120e-01, -6.780500e-01, -3.264155e+00, 9.699263e+00, -3.256699e+00, -6.623581e-01, -2.901097e-01, -1.650873e-01, -1.076765e-01, -7.638279e-02, -5.734832e-02, -4.485078e-02, -3.616939e-02, -2.987234e-02, -2.514589e-02, -2.149873e-02, -1.861941e-02, -1.630232e-02;
  -1.178107e-01, -1.362909e-01, -1.843669e-01, -3.020561e-01, -6.680820e-01, -3.256699e+00, 9.704987e+00, -3.252208e+00, -6.587704e-01, -2.871976e-01, -1.626910e-01, -1.056809e-01, -7.470327e-02, -5.592142e-02, -4.362822e-02, -3.511392e-02, -2.895482e-02, -2.434327e-02, -2.079259e-02, -1.799487e-02;
  -8.795824e-02, -9.805871e-02, -1.225350e-01, -1.743989e-01, -2.946000e-01, -6.623581e-01, -3.252208e+00, 9.708575e+00, -3.249296e+00, -6.563741e-01, -2.852021e-01, -1.610115e-01, -1.042540e-01, -7.348071e-02, -5.486594e-02, -4.271069e-02, -3.431129e-02, -2.824867e-02, -2.371873e-02, -2.023755e-02;
  -6.820622e-02, -7.420237e-02, -8.809069e-02, -1.150789e-01, -1.686751e-01, -2.901097e-01, -6.587704e-01, -3.249296e+00, 9.710971e+00, -3.247301e+00, -6.546946e-01, -2.837752e-01, -1.597889e-01, -1.031986e-01, -7.256319e-02, -5.406332e-02, -4.200455e-02, -3.368676e-02, -2.769363e-02, -2.322323e-02;
  -5.445034e-02, -5.823819e-02, -6.674628e-02, -8.236682e-02, -1.105886e-01, -1.650873e-01, -2.871976e-01, -6.563741e-01, -3.247301e+00, 9.712650e+00, -3.245874e+00, -6.534720e-01, -2.827197e-01, -1.588714e-01, -1.023959e-01, -7.185704e-02, -5.343878e-02, -4.144950e-02, -3.319126e-02, -2.724946e-02;
  -4.448232e-02, -4.699426e-02, -5.251433e-02, -6.225601e-02, -7.877906e-02, -1.076765e-01, -1.626910e-01, -2.852021e-01, -6.546946e-01, -3.245874e+00, 9.713873e+00, -3.244818e+00, -6.525545e-01, -2.819171e-01, -1.581653e-01, -1.017714e-01, -7.130200e-02, -5.294329e-02, -4.100533e-02, -3.279156e-02;
  -3.702623e-02, -3.875845e-02, -4.250399e-02, -4.892657e-02, -5.934387e-02, -7.638279e-02, -1.056809e-01, -1.610115e-01, -2.837752e-01, -6.534720e-01, -3.244818e+00, 9.714790e+00, -3.244016e+00, -6.518484e-01, -2.812925e-01, -1.576102e-01, -1.012759e-01, -7.085783e-02, -5.254358e-02, -4.064435e-02;
  -3.130237e-02, -3.253596e-02, -3.517069e-02, -3.959184e-02, -4.653029e-02, -5.734832e-02, -7.470327e-02, -1.042540e-01, -1.597889e-01, -2.827197e-01, -6.525545e-01, -3.244016e+00, 9.715497e+00, -3.243391e+00, -6.512933e-01, -2.807970e-01, -1.571661e-01, -1.008762e-01, -7.049685e-02, -5.221648e-02;
  -2.681210e-02, -2.771461e-02, -2.962382e-02, -3.277442e-02, -3.759630e-02, -4.485078e-02, -5.592142e-02, -7.348071e-02, -1.031986e-01, -1.588714e-01, -2.819171e-01, -6.518484e-01, -3.243391e+00, 9.716052e+00, -3.242896e+00, -6.508491e-01, -2.803973e-01, -1.568051e-01, -1.005491e-01, -7.019951e-02;
  -2.322434e-02, -2.389996e-02, -2.531833e-02, -2.762827e-02, -3.109490e-02, -3.616939e-02, -4.362822e-02, -5.486594e-02, -7.256319e-02, -1.023959e-01, -1.581653e-01, -2.812925e-01, -6.512933e-01, -3.242896e+00, 9.716496e+00, -3.242496e+00, -6.504882e-01, -2.800702e-01, -1.565077e-01, -1.002780e-01;
  -2.031220e-02, -2.082806e-02, -2.190441e-02, -2.363882e-02, -2.620137e-02, -2.987234e-02, -3.511392e-02, -4.271069e-02, -5.406332e-02, -7.185704e-02, -1.017714e-01, -1.576102e-01, -2.807970e-01, -6.508491e-01, -3.242496e+00, 9.716857e+00, -3.242169e+00, -6.501908e-01, -2.797991e-01, -1.562599e-01;
  -1.791592e-02, -1.831665e-02, -1.914855e-02, -2.047751e-02, -2.241626e-02, -2.514589e-02, -2.895482e-02, -3.431129e-02, -4.200455e-02, -5.343878e-02, -7.130200e-02, -1.012759e-01, -1.571661e-01, -2.803973e-01, -6.504882e-01, -3.242169e+00, 9.717154e+00, -3.241898e+00, -6.499430e-01, -2.795720e-01;
  -1.592037e-02, -1.623641e-02, -1.688975e-02, -1.792599e-02, -1.942203e-02, -2.149873e-02, -2.434327e-02, -2.824867e-02, -3.368676e-02, -4.144950e-02, -5.294329e-02, -7.085783e-02, -1.008762e-01, -1.568051e-01, -2.800702e-01, -6.501908e-01, -3.241898e+00, 9.717402e+00, -3.241671e+00, -6.497343e-01;
  -1.424086e-02, -1.449347e-02, -1.501385e-02, -1.583427e-02, -1.700846e-02, -1.861941e-02, -2.079259e-02, -2.371873e-02, -2.769363e-02, -3.319126e-02, -4.100533e-02, -5.254358e-02, -7.049685e-02, -1.005491e-01, -1.565077e-01, -2.797991e-01, -6.499430e-01, -3.241671e+00, 9.717611e+00, -3.241478e+00;
  -1.281396e-02, -1.301830e-02, -1.343799e-02, -1.409632e-02, -1.503165e-02, -1.630232e-02, -1.799487e-02, -2.023755e-02, -2.322323e-02, -2.724946e-02, -3.279156e-02, -4.064435e-02, -5.221648e-02, -7.019951e-02, -1.002780e-01, -1.562599e-01, -2.795720e-01, -6.497343e-01, -3.241478e+00, 9.717788e+00;
];
