function fv = fv(x)
%FV
%    FV = FV(X)

%    This function was generated by the Symbolic Math Toolbox version 24.2.
%    28-Jan-2026 23:31:31

mt1 = [0.0,0.0,0.0,0.0,0.0,0.0,0.0,0.0,0.0,0.0,0.0,0.0,0.0,0.0,0.0,0.0,0.0,0.0,0.0,0.0,0.0,0.0,0.0,0.0,0.0,0.0,0.0,0.0,0.0,0.0,0.0,0.0,0.0,0.0,0.0,0.0,0.0,0.0,0.0,0.0,0.0,0.0,0.0,0.0,0.0,0.0,0.0,0.0,0.0,0.0,0.0,0.0,x.^3.*(4.0./3.0),x.^3.*(x.*4.5e+2-1.31e+2).*(-4.0./3.93e+2),x.^3.*(x.*-2.358e+5+x.^2.*3.84e+5+1.7161e+4).*7.769554998737447e-5,x.^3.*(x.*6.950205e+7-x.^2.*3.01824e+8+x.^3.*3.2e+8-2.248091e+6).*(-5.930958014303395e-7),0.0,0.0,0.0,0.0,0.0,0.0,0.0,0.0];
mt2 = [x.^3.*(x.*4.5e+2-1.31e+2).*(-4.0./3.93e+2),x.^3.*(x.*-1.179e+5+x.^2.*2.16e+5+1.7161e+4).*7.769554998737447e-5,x.^3.*(x.*3.861225e+7-x.^2.*1.63488e+8+x.^3.*1.92e+8-2.248091e+6).*(-5.930958014303395e-7)];
mt3 = [x.^3.*(x.*-7.08148665e+10+x.^2.*5.10299496e+11-x.^3.*1.349824e+12+x.^4.*1.152e+12+2.061499447e+9).*6.467784094114934e-10,0.0,0.0,0.0,0.0,0.0,0.0,0.0,0.0,x.^3.*(x.*-2.358e+5+x.^2.*3.84e+5+1.7161e+4).*7.769554998737447e-5,x.^3.*(x.*3.861225e+7-x.^2.*1.63488e+8+x.^3.*1.92e+8-2.248091e+6).*(-5.930958014303395e-7)];
mt4 = [x.^3.*(x.*-5.66518932e+10+x.^2.*5.07416448e+11-x.^3.*1.408512e+12+x.^4.*1.2288e+12+2.061499447e+9).*6.467784094114934e-10];
mt5 = [x.^3.*(4.0./3.0)-x.^4.*5.954198473282443e+1+x.^5.*8.130062350678865e+2-x.^6.*3.94764565432034e+3+x.^7.*7.748922767477221e+3-x.^8.*5.308520196940746e+3,0.0,0.0,0.0,0.0,0.0,0.0,0.0,0.0,x.^3.*(x.*6.950205e+7-x.^2.*3.01824e+8+x.^3.*3.2e+8-2.248091e+6).*(-5.930958014303395e-7)];
mt6 = [x.^3.*(x.*-7.08148665e+10+x.^2.*5.10299496e+11-x.^3.*1.349824e+12+x.^4.*1.152e+12+2.061499447e+9).*6.467784094114934e-10];
mt7 = [x.^3.*(4.0./3.0)-x.^4.*5.954198473282443e+1+x.^5.*8.130062350678865e+2-x.^6.*3.94764565432034e+3+x.^7.*7.748922767477221e+3-x.^8.*5.308520196940746e+3];
mt8 = [x.^3.*(4.0./3.0)-x.^4.*8.244274809160305e+1+x.^5.*1.717382436920925e+3-x.^6.*1.267801585137494e+4+x.^7.*4.202300423901108e+4-x.^8.*6.370224236328895e+4+x.^9.*3.602049327864798e+4,0.0,0.0,0.0,0.0,0.0,0.0,0.0,0.0,0.0,0.0,0.0,0.0,0.0,0.0,0.0,0.0,0.0,0.0,0.0,0.0,0.0,0.0,0.0,0.0,0.0,0.0,0.0,0.0,0.0,0.0,0.0,0.0];
mt9 = [0.0,0.0,0.0,0.0,0.0,0.0,0.0,0.0,0.0,0.0,0.0,0.0,0.0,0.0,0.0,0.0,0.0,0.0,0.0,0.0];
fv = reshape([mt1,mt2,mt3,mt4,mt5,mt6,mt7,mt8,mt9],12,12);
end
