function symV2 = V2(x)
%V2
%    symV2 = V2(X)

%    This function was generated by the Symbolic Math Toolbox version 24.2.
%    28-Jan-2026 23:31:31

mt1 = [0.0;0.0;0.0;0.0;2.0;x.*(-1.83206106870229e+1)+2.0;x.*(x.*3.729386399393975e+1-1.221374045801527e+1).*4.0+(x.*(4.0e+2./1.31e+2)-1.0).*(x.*(8.0e+2./1.31e+2)-2.0).*2.0+x.^2.*3.729386399393975e+1-2.0];
mt2 = [x.*(8.0e+2./1.31e+2)-((x.*(4.0e+2./1.31e+2)-1.0).*(x.*(8.0e+2./1.31e+2)-2.0)-1.0).*(x.*(8.0e+2./1.31e+2)-2.0).*2.0-x.^2.*(x.*6.832463632477511e+2-2.237631839636385e+2)-x.*((x.*(4.0e+2./1.31e+2)-1.0).*(x.*(8.0e+2./1.31e+2)-2.0).*(8.0e+2./1.31e+2)+(x.*(8.0e+2./1.31e+2)-2.0).*(x.*3.729386399393975e+1-1.221374045801527e+1)-9.16030534351145).*4.0-2.0;0.0;0.0;0.0;0.0];
symV2 = [mt1;mt2];
end
