function symW3 = W3(x)
%W3
%    symW3 = W3(X)

%    This function was generated by the Symbolic Math Toolbox version 24.2.
%    28-Jan-2026 23:31:31

symW3 = [0.0;-1.83206106870229e+1;x.*4.47526367927277e+2-7.32824427480916e+1;x.*(x.*6.832463632477511e+2-2.237631839636385e+2).*-6.0-(x.*(4.0e+2./1.31e+2)-1.0).*(x.*(8.0e+2./1.31e+2)-2.0).*3.66412213740458e+1-(x.*(8.0e+2./1.31e+2)-2.0).*(x.*3.729386399393975e+1-1.221374045801527e+1).*6.0-x.^2.*6.832463632477511e+2+5.49618320610687e+1;0.0;0.0;0.0;0.0;0.0;0.0;0.0;0.0];
end
