function K = GW0t(p)
% Auto-generated constant matrix
K = zeros(12,12,20,12);
K(:,:,1,1) = [
  0.000000e+00, 0.000000e+00, 0.000000e+00, 0.000000e+00, -1.917317e-07, -1.773518e-07, -1.361295e-07, -7.357705e-08, 0.000000e+00, 0.000000e+00, 0.000000e+00, 0.000000e+00;
  0.000000e+00, 0.000000e+00, 0.000000e+00, 0.000000e+00, -1.809468e-07, -1.673758e-07, -1.284722e-07, -6.943834e-08, 0.000000e+00, 0.000000e+00, 0.000000e+00, 0.000000e+00;
  0.000000e+00, 0.000000e+00, 0.000000e+00, 0.000000e+00, -1.497425e-07, -1.385118e-07, -1.063172e-07, -5.746367e-08, 0.000000e+00, 0.000000e+00, 0.000000e+00, 0.000000e+00;
  0.000000e+00, 0.000000e+00, 0.000000e+00, 0.000000e+00, -1.014500e-07, -9.384129e-08, -7.202953e-08, -3.893146e-08, 0.000000e+00, 0.000000e+00, 0.000000e+00, 0.000000e+00;
  -1.917317e-07, -1.809468e-07, -1.497425e-07, -1.014500e-07, 2.875976e-07, 2.660278e-07, 2.041943e-07, 1.103656e-07, 0.000000e+00, 0.000000e+00, 0.000000e+00, 0.000000e+00;
  -1.773518e-07, -1.673758e-07, -1.385118e-07, -9.384129e-08, 2.660278e-07, 2.460757e-07, 1.888797e-07, 1.020882e-07, 0.000000e+00, 0.000000e+00, 0.000000e+00, 0.000000e+00;
  -1.361295e-07, -1.284722e-07, -1.063172e-07, -7.202953e-08, 2.041943e-07, 1.888797e-07, 1.449779e-07, 7.835956e-08, 0.000000e+00, 0.000000e+00, 0.000000e+00, 0.000000e+00;
  -7.357705e-08, -6.943834e-08, -5.746367e-08, -3.893146e-08, 1.103656e-07, 1.020882e-07, 7.835956e-08, 4.235279e-08, 0.000000e+00, 0.000000e+00, 0.000000e+00, 0.000000e+00;
  0.000000e+00, 0.000000e+00, 0.000000e+00, 0.000000e+00, 0.000000e+00, 0.000000e+00, 0.000000e+00, 0.000000e+00, 7.189939e-08, 6.830443e-08, 5.787901e-08, 4.166570e-08;
  0.000000e+00, 0.000000e+00, 0.000000e+00, 0.000000e+00, 0.000000e+00, 0.000000e+00, 0.000000e+00, 0.000000e+00, 6.830443e-08, 6.488920e-08, 5.498506e-08, 3.958241e-08;
  0.000000e+00, 0.000000e+00, 0.000000e+00, 0.000000e+00, 0.000000e+00, 0.000000e+00, 0.000000e+00, 0.000000e+00, 5.787901e-08, 5.498506e-08, 4.659261e-08, 3.354089e-08;
  0.000000e+00, 0.000000e+00, 0.000000e+00, 0.000000e+00, 0.000000e+00, 0.000000e+00, 0.000000e+00, 0.000000e+00, 4.166570e-08, 3.958241e-08, 3.354089e-08, 2.414527e-08;
];
K(:,:,1,2) = [
  0.000000e+00, 0.000000e+00, 0.000000e+00, 0.000000e+00, -1.809468e-07, -1.673758e-07, -1.284722e-07, -6.943834e-08, 0.000000e+00, 0.000000e+00, 0.000000e+00, 0.000000e+00;
  0.000000e+00, 0.000000e+00, 0.000000e+00, 0.000000e+00, -1.708090e-07, -1.579983e-07, -1.212744e-07, -6.554795e-08, 0.000000e+00, 0.000000e+00, 0.000000e+00, 0.000000e+00;
  0.000000e+00, 0.000000e+00, 0.000000e+00, 0.000000e+00, -1.414740e-07, -1.308635e-07, -1.004466e-07, -5.429066e-08, 0.000000e+00, 0.000000e+00, 0.000000e+00, 0.000000e+00;
  0.000000e+00, 0.000000e+00, 0.000000e+00, 0.000000e+00, -9.606529e-08, -8.886040e-08, -6.820636e-08, -3.686506e-08, 0.000000e+00, 0.000000e+00, 0.000000e+00, 0.000000e+00;
  -1.809468e-07, -1.708090e-07, -1.414740e-07, -9.606529e-08, 2.732177e-07, 2.527264e-07, 1.939846e-07, 1.048473e-07, 0.000000e+00, 0.000000e+00, 0.000000e+00, 0.000000e+00;
  -1.673758e-07, -1.579983e-07, -1.308635e-07, -8.886040e-08, 2.527264e-07, 2.337719e-07, 1.794357e-07, 9.698375e-08, 0.000000e+00, 0.000000e+00, 0.000000e+00, 0.000000e+00;
  -1.284722e-07, -1.212744e-07, -1.004466e-07, -6.820636e-08, 1.939846e-07, 1.794357e-07, 1.377290e-07, 7.444158e-08, 0.000000e+00, 0.000000e+00, 0.000000e+00, 0.000000e+00;
  -6.943834e-08, -6.554795e-08, -5.429066e-08, -3.686506e-08, 1.048473e-07, 9.698375e-08, 7.444158e-08, 4.023515e-08, 0.000000e+00, 0.000000e+00, 0.000000e+00, 0.000000e+00;
  0.000000e+00, 0.000000e+00, 0.000000e+00, 0.000000e+00, 0.000000e+00, 0.000000e+00, 0.000000e+00, 0.000000e+00, 6.830443e-08, 6.488920e-08, 5.498506e-08, 3.958241e-08;
  0.000000e+00, 0.000000e+00, 0.000000e+00, 0.000000e+00, 0.000000e+00, 0.000000e+00, 0.000000e+00, 0.000000e+00, 6.488920e-08, 6.164474e-08, 5.223581e-08, 3.760329e-08;
  0.000000e+00, 0.000000e+00, 0.000000e+00, 0.000000e+00, 0.000000e+00, 0.000000e+00, 0.000000e+00, 0.000000e+00, 5.498506e-08, 5.223581e-08, 4.426298e-08, 3.186384e-08;
  0.000000e+00, 0.000000e+00, 0.000000e+00, 0.000000e+00, 0.000000e+00, 0.000000e+00, 0.000000e+00, 0.000000e+00, 3.958241e-08, 3.760329e-08, 3.186384e-08, 2.293801e-08;
];
K(:,:,1,3) = [
  0.000000e+00, 0.000000e+00, 0.000000e+00, 0.000000e+00, -1.497425e-07, -1.385118e-07, -1.063172e-07, -5.746367e-08, 0.000000e+00, 0.000000e+00, 0.000000e+00, 0.000000e+00;
  0.000000e+00, 0.000000e+00, 0.000000e+00, 0.000000e+00, -1.414740e-07, -1.308635e-07, -1.004466e-07, -5.429066e-08, 0.000000e+00, 0.000000e+00, 0.000000e+00, 0.000000e+00;
  0.000000e+00, 0.000000e+00, 0.000000e+00, 0.000000e+00, -1.175398e-07, -1.087243e-07, -8.345323e-08, -4.510588e-08, 0.000000e+00, 0.000000e+00, 0.000000e+00, 0.000000e+00;
  0.000000e+00, 0.000000e+00, 0.000000e+00, 0.000000e+00, -8.046274e-08, -7.442804e-08, -5.712855e-08, -3.087758e-08, 0.000000e+00, 0.000000e+00, 0.000000e+00, 0.000000e+00;
  -1.497425e-07, -1.414740e-07, -1.175398e-07, -8.046274e-08, 2.315161e-07, 2.141523e-07, 1.643764e-07, 8.884428e-08, 0.000000e+00, 0.000000e+00, 0.000000e+00, 0.000000e+00;
  -1.385118e-07, -1.308635e-07, -1.087243e-07, -7.442804e-08, 2.141523e-07, 1.980909e-07, 1.520482e-07, 8.218096e-08, 0.000000e+00, 0.000000e+00, 0.000000e+00, 0.000000e+00;
  -1.063172e-07, -1.004466e-07, -8.345323e-08, -5.712855e-08, 1.643764e-07, 1.520482e-07, 1.167072e-07, 6.307944e-08, 0.000000e+00, 0.000000e+00, 0.000000e+00, 0.000000e+00;
  -5.746367e-08, -5.429066e-08, -4.510588e-08, -3.087758e-08, 8.884428e-08, 8.218096e-08, 6.307944e-08, 3.409399e-08, 0.000000e+00, 0.000000e+00, 0.000000e+00, 0.000000e+00;
  0.000000e+00, 0.000000e+00, 0.000000e+00, 0.000000e+00, 0.000000e+00, 0.000000e+00, 0.000000e+00, 0.000000e+00, 5.787901e-08, 5.498506e-08, 4.659261e-08, 3.354089e-08;
  0.000000e+00, 0.000000e+00, 0.000000e+00, 0.000000e+00, 0.000000e+00, 0.000000e+00, 0.000000e+00, 0.000000e+00, 5.498506e-08, 5.223581e-08, 4.426298e-08, 3.186384e-08;
  0.000000e+00, 0.000000e+00, 0.000000e+00, 0.000000e+00, 0.000000e+00, 0.000000e+00, 0.000000e+00, 0.000000e+00, 4.659261e-08, 4.426298e-08, 3.750705e-08, 2.700041e-08;
  0.000000e+00, 0.000000e+00, 0.000000e+00, 0.000000e+00, 0.000000e+00, 0.000000e+00, 0.000000e+00, 0.000000e+00, 3.354089e-08, 3.186384e-08, 2.700041e-08, 1.943694e-08;
];
K(:,:,1,4) = [
  0.000000e+00, 0.000000e+00, 0.000000e+00, 0.000000e+00, -1.014500e-07, -9.384129e-08, -7.202953e-08, -3.893146e-08, 0.000000e+00, 0.000000e+00, 0.000000e+00, 0.000000e+00;
  0.000000e+00, 0.000000e+00, 0.000000e+00, 0.000000e+00, -9.606529e-08, -8.886040e-08, -6.820636e-08, -3.686506e-08, 0.000000e+00, 0.000000e+00, 0.000000e+00, 0.000000e+00;
  0.000000e+00, 0.000000e+00, 0.000000e+00, 0.000000e+00, -8.046274e-08, -7.442804e-08, -5.712855e-08, -3.087758e-08, 0.000000e+00, 0.000000e+00, 0.000000e+00, 0.000000e+00;
  0.000000e+00, 0.000000e+00, 0.000000e+00, 0.000000e+00, -5.624169e-08, -5.202356e-08, -3.993160e-08, -2.158275e-08, 0.000000e+00, 0.000000e+00, 0.000000e+00, 0.000000e+00;
  -1.014500e-07, -9.606529e-08, -8.046274e-08, -5.624169e-08, 1.666628e-07, 1.541631e-07, 1.183306e-07, 6.395685e-08, 0.000000e+00, 0.000000e+00, 0.000000e+00, 0.000000e+00;
  -9.384129e-08, -8.886040e-08, -7.442804e-08, -5.202356e-08, 1.541631e-07, 1.426009e-07, 1.094558e-07, 5.916008e-08, 0.000000e+00, 0.000000e+00, 0.000000e+00, 0.000000e+00;
  -7.202953e-08, -6.820636e-08, -5.712855e-08, -3.993160e-08, 1.183306e-07, 1.094558e-07, 8.401472e-08, 4.540936e-08, 0.000000e+00, 0.000000e+00, 0.000000e+00, 0.000000e+00;
  -3.893146e-08, -3.686506e-08, -3.087758e-08, -2.158275e-08, 6.395685e-08, 5.916008e-08, 4.540936e-08, 2.454344e-08, 0.000000e+00, 0.000000e+00, 0.000000e+00, 0.000000e+00;
  0.000000e+00, 0.000000e+00, 0.000000e+00, 0.000000e+00, 0.000000e+00, 0.000000e+00, 0.000000e+00, 0.000000e+00, 4.166570e-08, 3.958241e-08, 3.354089e-08, 2.414527e-08;
  0.000000e+00, 0.000000e+00, 0.000000e+00, 0.000000e+00, 0.000000e+00, 0.000000e+00, 0.000000e+00, 0.000000e+00, 3.958241e-08, 3.760329e-08, 3.186384e-08, 2.293801e-08;
  0.000000e+00, 0.000000e+00, 0.000000e+00, 0.000000e+00, 0.000000e+00, 0.000000e+00, 0.000000e+00, 0.000000e+00, 3.354089e-08, 3.186384e-08, 2.700041e-08, 1.943694e-08;
  0.000000e+00, 0.000000e+00, 0.000000e+00, 0.000000e+00, 0.000000e+00, 0.000000e+00, 0.000000e+00, 0.000000e+00, 2.414527e-08, 2.293801e-08, 1.943694e-08, 1.399219e-08;
];
K(:,:,1,5) = [
  0.000000e+00, 0.000000e+00, 0.000000e+00, 0.000000e+00, 2.875976e-07, 2.660278e-07, 2.041943e-07, 1.103656e-07, 0.000000e+00, 0.000000e+00, 0.000000e+00, 0.000000e+00;
  0.000000e+00, 0.000000e+00, 0.000000e+00, 0.000000e+00, 2.660278e-07, 2.460757e-07, 1.888797e-07, 1.020882e-07, 0.000000e+00, 0.000000e+00, 0.000000e+00, 0.000000e+00;
  0.000000e+00, 0.000000e+00, 0.000000e+00, 0.000000e+00, 2.041943e-07, 1.888797e-07, 1.449779e-07, 7.835956e-08, 0.000000e+00, 0.000000e+00, 0.000000e+00, 0.000000e+00;
  0.000000e+00, 0.000000e+00, 0.000000e+00, 0.000000e+00, 1.103656e-07, 1.020882e-07, 7.835956e-08, 4.235279e-08, 0.000000e+00, 0.000000e+00, 0.000000e+00, 0.000000e+00;
  2.875976e-07, 2.660278e-07, 2.041943e-07, 1.103656e-07, -3.834634e-07, -3.582987e-07, -2.858720e-07, -1.750271e-07, 0.000000e+00, 0.000000e+00, 0.000000e+00, 0.000000e+00;
  2.660278e-07, 2.460757e-07, 1.888797e-07, 1.020882e-07, -3.582987e-07, -3.347516e-07, -2.669840e-07, -1.632796e-07, 0.000000e+00, 0.000000e+00, 0.000000e+00, 0.000000e+00;
  2.041943e-07, 1.888797e-07, 1.449779e-07, 7.835956e-08, -2.858720e-07, -2.669840e-07, -2.126343e-07, -1.294932e-07, 0.000000e+00, 0.000000e+00, 0.000000e+00, 0.000000e+00;
  1.103656e-07, 1.020882e-07, 7.835956e-08, 4.235279e-08, -1.750271e-07, -1.632796e-07, -1.294932e-07, -7.786291e-08, 0.000000e+00, 0.000000e+00, 0.000000e+00, 0.000000e+00;
  0.000000e+00, 0.000000e+00, 0.000000e+00, 0.000000e+00, 0.000000e+00, 0.000000e+00, 0.000000e+00, 0.000000e+00, 0.000000e+00, 0.000000e+00, 0.000000e+00, 0.000000e+00;
  0.000000e+00, 0.000000e+00, 0.000000e+00, 0.000000e+00, 0.000000e+00, 0.000000e+00, 0.000000e+00, 0.000000e+00, 0.000000e+00, 0.000000e+00, 0.000000e+00, 0.000000e+00;
  0.000000e+00, 0.000000e+00, 0.000000e+00, 0.000000e+00, 0.000000e+00, 0.000000e+00, 0.000000e+00, 0.000000e+00, 0.000000e+00, 0.000000e+00, 0.000000e+00, 0.000000e+00;
  0.000000e+00, 0.000000e+00, 0.000000e+00, 0.000000e+00, 0.000000e+00, 0.000000e+00, 0.000000e+00, 0.000000e+00, 0.000000e+00, 0.000000e+00, 0.000000e+00, 0.000000e+00;
];
K(:,:,1,6) = [
  0.000000e+00, 0.000000e+00, 0.000000e+00, 0.000000e+00, 2.732177e-07, 2.527264e-07, 1.939846e-07, 1.048473e-07, 0.000000e+00, 0.000000e+00, 0.000000e+00, 0.000000e+00;
  0.000000e+00, 0.000000e+00, 0.000000e+00, 0.000000e+00, 2.527264e-07, 2.337719e-07, 1.794357e-07, 9.698375e-08, 0.000000e+00, 0.000000e+00, 0.000000e+00, 0.000000e+00;
  0.000000e+00, 0.000000e+00, 0.000000e+00, 0.000000e+00, 1.939846e-07, 1.794357e-07, 1.377290e-07, 7.444158e-08, 0.000000e+00, 0.000000e+00, 0.000000e+00, 0.000000e+00;
  0.000000e+00, 0.000000e+00, 0.000000e+00, 0.000000e+00, 1.048473e-07, 9.698375e-08, 7.444158e-08, 4.023515e-08, 0.000000e+00, 0.000000e+00, 0.000000e+00, 0.000000e+00;
  2.732177e-07, 2.527264e-07, 1.939846e-07, 1.048473e-07, -3.618936e-07, -3.381848e-07, -2.699463e-07, -1.655036e-07, 0.000000e+00, 0.000000e+00, 0.000000e+00, 0.000000e+00;
  2.527264e-07, 2.337719e-07, 1.794357e-07, 9.698375e-08, -3.381848e-07, -3.159966e-07, -2.521379e-07, -1.544083e-07, 0.000000e+00, 0.000000e+00, 0.000000e+00, 0.000000e+00;
  1.939846e-07, 1.794357e-07, 1.377290e-07, 7.444158e-08, -2.699463e-07, -2.521379e-07, -2.008931e-07, -1.224970e-07, 0.000000e+00, 0.000000e+00, 0.000000e+00, 0.000000e+00;
  1.048473e-07, 9.698375e-08, 7.444158e-08, 4.023515e-08, -1.655036e-07, -1.544083e-07, -1.224970e-07, -7.373011e-08, 0.000000e+00, 0.000000e+00, 0.000000e+00, 0.000000e+00;
  0.000000e+00, 0.000000e+00, 0.000000e+00, 0.000000e+00, 0.000000e+00, 0.000000e+00, 0.000000e+00, 0.000000e+00, 0.000000e+00, 0.000000e+00, 0.000000e+00, 0.000000e+00;
  0.000000e+00, 0.000000e+00, 0.000000e+00, 0.000000e+00, 0.000000e+00, 0.000000e+00, 0.000000e+00, 0.000000e+00, 0.000000e+00, 0.000000e+00, 0.000000e+00, 0.000000e+00;
  0.000000e+00, 0.000000e+00, 0.000000e+00, 0.000000e+00, 0.000000e+00, 0.000000e+00, 0.000000e+00, 0.000000e+00, 0.000000e+00, 0.000000e+00, 0.000000e+00, 0.000000e+00;
  0.000000e+00, 0.000000e+00, 0.000000e+00, 0.000000e+00, 0.000000e+00, 0.000000e+00, 0.000000e+00, 0.000000e+00, 0.000000e+00, 0.000000e+00, 0.000000e+00, 0.000000e+00;
];
K(:,:,1,7) = [
  0.000000e+00, 0.000000e+00, 0.000000e+00, 0.000000e+00, 2.315161e-07, 2.141523e-07, 1.643764e-07, 8.884428e-08, 0.000000e+00, 0.000000e+00, 0.000000e+00, 0.000000e+00;
  0.000000e+00, 0.000000e+00, 0.000000e+00, 0.000000e+00, 2.141523e-07, 1.980909e-07, 1.520482e-07, 8.218096e-08, 0.000000e+00, 0.000000e+00, 0.000000e+00, 0.000000e+00;
  0.000000e+00, 0.000000e+00, 0.000000e+00, 0.000000e+00, 1.643764e-07, 1.520482e-07, 1.167072e-07, 6.307944e-08, 0.000000e+00, 0.000000e+00, 0.000000e+00, 0.000000e+00;
  0.000000e+00, 0.000000e+00, 0.000000e+00, 0.000000e+00, 8.884428e-08, 8.218096e-08, 6.307944e-08, 3.409399e-08, 0.000000e+00, 0.000000e+00, 0.000000e+00, 0.000000e+00;
  2.315161e-07, 2.141523e-07, 1.643764e-07, 8.884428e-08, -2.994849e-07, -2.799858e-07, -2.238569e-07, -1.379264e-07, 0.000000e+00, 0.000000e+00, 0.000000e+00, 0.000000e+00;
  2.141523e-07, 1.980909e-07, 1.520482e-07, 8.218096e-08, -2.799858e-07, -2.617270e-07, -2.091708e-07, -1.287187e-07, 0.000000e+00, 0.000000e+00, 0.000000e+00, 0.000000e+00;
  1.643764e-07, 1.520482e-07, 1.167072e-07, 6.307944e-08, -2.238569e-07, -2.091708e-07, -1.669065e-07, -1.022344e-07, 0.000000e+00, 0.000000e+00, 0.000000e+00, 0.000000e+00;
  8.884428e-08, 8.218096e-08, 6.307944e-08, 3.409399e-08, -1.379264e-07, -1.287187e-07, -1.022344e-07, -6.175515e-08, 0.000000e+00, 0.000000e+00, 0.000000e+00, 0.000000e+00;
  0.000000e+00, 0.000000e+00, 0.000000e+00, 0.000000e+00, 0.000000e+00, 0.000000e+00, 0.000000e+00, 0.000000e+00, 0.000000e+00, 0.000000e+00, 0.000000e+00, 0.000000e+00;
  0.000000e+00, 0.000000e+00, 0.000000e+00, 0.000000e+00, 0.000000e+00, 0.000000e+00, 0.000000e+00, 0.000000e+00, 0.000000e+00, 0.000000e+00, 0.000000e+00, 0.000000e+00;
  0.000000e+00, 0.000000e+00, 0.000000e+00, 0.000000e+00, 0.000000e+00, 0.000000e+00, 0.000000e+00, 0.000000e+00, 0.000000e+00, 0.000000e+00, 0.000000e+00, 0.000000e+00;
  0.000000e+00, 0.000000e+00, 0.000000e+00, 0.000000e+00, 0.000000e+00, 0.000000e+00, 0.000000e+00, 0.000000e+00, 0.000000e+00, 0.000000e+00, 0.000000e+00, 0.000000e+00;
];
K(:,:,1,8) = [
  0.000000e+00, 0.000000e+00, 0.000000e+00, 0.000000e+00, 1.666628e-07, 1.541631e-07, 1.183306e-07, 6.395685e-08, 0.000000e+00, 0.000000e+00, 0.000000e+00, 0.000000e+00;
  0.000000e+00, 0.000000e+00, 0.000000e+00, 0.000000e+00, 1.541631e-07, 1.426009e-07, 1.094558e-07, 5.916008e-08, 0.000000e+00, 0.000000e+00, 0.000000e+00, 0.000000e+00;
  0.000000e+00, 0.000000e+00, 0.000000e+00, 0.000000e+00, 1.183306e-07, 1.094558e-07, 8.401472e-08, 4.540936e-08, 0.000000e+00, 0.000000e+00, 0.000000e+00, 0.000000e+00;
  0.000000e+00, 0.000000e+00, 0.000000e+00, 0.000000e+00, 6.395685e-08, 5.916008e-08, 4.540936e-08, 2.454344e-08, 0.000000e+00, 0.000000e+00, 0.000000e+00, 0.000000e+00;
  1.666628e-07, 1.541631e-07, 1.183306e-07, 6.395685e-08, -2.029001e-07, -1.899066e-07, -1.524923e-07, -9.517314e-08, 0.000000e+00, 0.000000e+00, 0.000000e+00, 0.000000e+00;
  1.541631e-07, 1.426009e-07, 1.094558e-07, 5.916008e-08, -1.899066e-07, -1.777208e-07, -1.426344e-07, -8.888862e-08, 0.000000e+00, 0.000000e+00, 0.000000e+00, 0.000000e+00;
  1.183306e-07, 1.094558e-07, 8.401472e-08, 4.540936e-08, -1.524923e-07, -1.426344e-07, -1.142571e-07, -7.080918e-08, 0.000000e+00, 0.000000e+00, 0.000000e+00, 0.000000e+00;
  6.395685e-08, 5.916008e-08, 4.540936e-08, 2.454344e-08, -9.517314e-08, -8.888862e-08, -7.080918e-08, -4.316550e-08, 0.000000e+00, 0.000000e+00, 0.000000e+00, 0.000000e+00;
  0.000000e+00, 0.000000e+00, 0.000000e+00, 0.000000e+00, 0.000000e+00, 0.000000e+00, 0.000000e+00, 0.000000e+00, 0.000000e+00, 0.000000e+00, 0.000000e+00, 0.000000e+00;
  0.000000e+00, 0.000000e+00, 0.000000e+00, 0.000000e+00, 0.000000e+00, 0.000000e+00, 0.000000e+00, 0.000000e+00, 0.000000e+00, 0.000000e+00, 0.000000e+00, 0.000000e+00;
  0.000000e+00, 0.000000e+00, 0.000000e+00, 0.000000e+00, 0.000000e+00, 0.000000e+00, 0.000000e+00, 0.000000e+00, 0.000000e+00, 0.000000e+00, 0.000000e+00, 0.000000e+00;
  0.000000e+00, 0.000000e+00, 0.000000e+00, 0.000000e+00, 0.000000e+00, 0.000000e+00, 0.000000e+00, 0.000000e+00, 0.000000e+00, 0.000000e+00, 0.000000e+00, 0.000000e+00;
];
K(:,:,1,9) = [
  0.000000e+00, 0.000000e+00, 0.000000e+00, 0.000000e+00, 0.000000e+00, 0.000000e+00, 0.000000e+00, 0.000000e+00, 0.000000e+00, 0.000000e+00, 0.000000e+00, 0.000000e+00;
  0.000000e+00, 0.000000e+00, 0.000000e+00, 0.000000e+00, 0.000000e+00, 0.000000e+00, 0.000000e+00, 0.000000e+00, 0.000000e+00, 0.000000e+00, 0.000000e+00, 0.000000e+00;
  0.000000e+00, 0.000000e+00, 0.000000e+00, 0.000000e+00, 0.000000e+00, 0.000000e+00, 0.000000e+00, 0.000000e+00, 0.000000e+00, 0.000000e+00, 0.000000e+00, 0.000000e+00;
  0.000000e+00, 0.000000e+00, 0.000000e+00, 0.000000e+00, 0.000000e+00, 0.000000e+00, 0.000000e+00, 0.000000e+00, 0.000000e+00, 0.000000e+00, 0.000000e+00, 0.000000e+00;
  0.000000e+00, 0.000000e+00, 0.000000e+00, 0.000000e+00, 0.000000e+00, 0.000000e+00, 0.000000e+00, 0.000000e+00, 0.000000e+00, 0.000000e+00, 0.000000e+00, 0.000000e+00;
  0.000000e+00, 0.000000e+00, 0.000000e+00, 0.000000e+00, 0.000000e+00, 0.000000e+00, 0.000000e+00, 0.000000e+00, 0.000000e+00, 0.000000e+00, 0.000000e+00, 0.000000e+00;
  0.000000e+00, 0.000000e+00, 0.000000e+00, 0.000000e+00, 0.000000e+00, 0.000000e+00, 0.000000e+00, 0.000000e+00, 0.000000e+00, 0.000000e+00, 0.000000e+00, 0.000000e+00;
  0.000000e+00, 0.000000e+00, 0.000000e+00, 0.000000e+00, 0.000000e+00, 0.000000e+00, 0.000000e+00, 0.000000e+00, 0.000000e+00, 0.000000e+00, 0.000000e+00, 0.000000e+00;
  0.000000e+00, 0.000000e+00, 0.000000e+00, 0.000000e+00, 0.000000e+00, 0.000000e+00, 0.000000e+00, 0.000000e+00, 0.000000e+00, 0.000000e+00, 0.000000e+00, 0.000000e+00;
  0.000000e+00, 0.000000e+00, 0.000000e+00, 0.000000e+00, 0.000000e+00, 0.000000e+00, 0.000000e+00, 0.000000e+00, 0.000000e+00, 0.000000e+00, 0.000000e+00, 0.000000e+00;
  0.000000e+00, 0.000000e+00, 0.000000e+00, 0.000000e+00, 0.000000e+00, 0.000000e+00, 0.000000e+00, 0.000000e+00, 0.000000e+00, 0.000000e+00, 0.000000e+00, 0.000000e+00;
  0.000000e+00, 0.000000e+00, 0.000000e+00, 0.000000e+00, 0.000000e+00, 0.000000e+00, 0.000000e+00, 0.000000e+00, 0.000000e+00, 0.000000e+00, 0.000000e+00, 0.000000e+00;
];
K(:,:,1,10) = [
  0.000000e+00, 0.000000e+00, 0.000000e+00, 0.000000e+00, 0.000000e+00, 0.000000e+00, 0.000000e+00, 0.000000e+00, 0.000000e+00, 0.000000e+00, 0.000000e+00, 0.000000e+00;
  0.000000e+00, 0.000000e+00, 0.000000e+00, 0.000000e+00, 0.000000e+00, 0.000000e+00, 0.000000e+00, 0.000000e+00, 0.000000e+00, 0.000000e+00, 0.000000e+00, 0.000000e+00;
  0.000000e+00, 0.000000e+00, 0.000000e+00, 0.000000e+00, 0.000000e+00, 0.000000e+00, 0.000000e+00, 0.000000e+00, 0.000000e+00, 0.000000e+00, 0.000000e+00, 0.000000e+00;
  0.000000e+00, 0.000000e+00, 0.000000e+00, 0.000000e+00, 0.000000e+00, 0.000000e+00, 0.000000e+00, 0.000000e+00, 0.000000e+00, 0.000000e+00, 0.000000e+00, 0.000000e+00;
  0.000000e+00, 0.000000e+00, 0.000000e+00, 0.000000e+00, 0.000000e+00, 0.000000e+00, 0.000000e+00, 0.000000e+00, 0.000000e+00, 0.000000e+00, 0.000000e+00, 0.000000e+00;
  0.000000e+00, 0.000000e+00, 0.000000e+00, 0.000000e+00, 0.000000e+00, 0.000000e+00, 0.000000e+00, 0.000000e+00, 0.000000e+00, 0.000000e+00, 0.000000e+00, 0.000000e+00;
  0.000000e+00, 0.000000e+00, 0.000000e+00, 0.000000e+00, 0.000000e+00, 0.000000e+00, 0.000000e+00, 0.000000e+00, 0.000000e+00, 0.000000e+00, 0.000000e+00, 0.000000e+00;
  0.000000e+00, 0.000000e+00, 0.000000e+00, 0.000000e+00, 0.000000e+00, 0.000000e+00, 0.000000e+00, 0.000000e+00, 0.000000e+00, 0.000000e+00, 0.000000e+00, 0.000000e+00;
  0.000000e+00, 0.000000e+00, 0.000000e+00, 0.000000e+00, 0.000000e+00, 0.000000e+00, 0.000000e+00, 0.000000e+00, 0.000000e+00, 0.000000e+00, 0.000000e+00, 0.000000e+00;
  0.000000e+00, 0.000000e+00, 0.000000e+00, 0.000000e+00, 0.000000e+00, 0.000000e+00, 0.000000e+00, 0.000000e+00, 0.000000e+00, 0.000000e+00, 0.000000e+00, 0.000000e+00;
  0.000000e+00, 0.000000e+00, 0.000000e+00, 0.000000e+00, 0.000000e+00, 0.000000e+00, 0.000000e+00, 0.000000e+00, 0.000000e+00, 0.000000e+00, 0.000000e+00, 0.000000e+00;
  0.000000e+00, 0.000000e+00, 0.000000e+00, 0.000000e+00, 0.000000e+00, 0.000000e+00, 0.000000e+00, 0.000000e+00, 0.000000e+00, 0.000000e+00, 0.000000e+00, 0.000000e+00;
];
K(:,:,1,11) = [
  0.000000e+00, 0.000000e+00, 0.000000e+00, 0.000000e+00, 0.000000e+00, 0.000000e+00, 0.000000e+00, 0.000000e+00, 0.000000e+00, 0.000000e+00, 0.000000e+00, 0.000000e+00;
  0.000000e+00, 0.000000e+00, 0.000000e+00, 0.000000e+00, 0.000000e+00, 0.000000e+00, 0.000000e+00, 0.000000e+00, 0.000000e+00, 0.000000e+00, 0.000000e+00, 0.000000e+00;
  0.000000e+00, 0.000000e+00, 0.000000e+00, 0.000000e+00, 0.000000e+00, 0.000000e+00, 0.000000e+00, 0.000000e+00, 0.000000e+00, 0.000000e+00, 0.000000e+00, 0.000000e+00;
  0.000000e+00, 0.000000e+00, 0.000000e+00, 0.000000e+00, 0.000000e+00, 0.000000e+00, 0.000000e+00, 0.000000e+00, 0.000000e+00, 0.000000e+00, 0.000000e+00, 0.000000e+00;
  0.000000e+00, 0.000000e+00, 0.000000e+00, 0.000000e+00, 0.000000e+00, 0.000000e+00, 0.000000e+00, 0.000000e+00, 0.000000e+00, 0.000000e+00, 0.000000e+00, 0.000000e+00;
  0.000000e+00, 0.000000e+00, 0.000000e+00, 0.000000e+00, 0.000000e+00, 0.000000e+00, 0.000000e+00, 0.000000e+00, 0.000000e+00, 0.000000e+00, 0.000000e+00, 0.000000e+00;
  0.000000e+00, 0.000000e+00, 0.000000e+00, 0.000000e+00, 0.000000e+00, 0.000000e+00, 0.000000e+00, 0.000000e+00, 0.000000e+00, 0.000000e+00, 0.000000e+00, 0.000000e+00;
  0.000000e+00, 0.000000e+00, 0.000000e+00, 0.000000e+00, 0.000000e+00, 0.000000e+00, 0.000000e+00, 0.000000e+00, 0.000000e+00, 0.000000e+00, 0.000000e+00, 0.000000e+00;
  0.000000e+00, 0.000000e+00, 0.000000e+00, 0.000000e+00, 0.000000e+00, 0.000000e+00, 0.000000e+00, 0.000000e+00, 0.000000e+00, 0.000000e+00, 0.000000e+00, 0.000000e+00;
  0.000000e+00, 0.000000e+00, 0.000000e+00, 0.000000e+00, 0.000000e+00, 0.000000e+00, 0.000000e+00, 0.000000e+00, 0.000000e+00, 0.000000e+00, 0.000000e+00, 0.000000e+00;
  0.000000e+00, 0.000000e+00, 0.000000e+00, 0.000000e+00, 0.000000e+00, 0.000000e+00, 0.000000e+00, 0.000000e+00, 0.000000e+00, 0.000000e+00, 0.000000e+00, 0.000000e+00;
  0.000000e+00, 0.000000e+00, 0.000000e+00, 0.000000e+00, 0.000000e+00, 0.000000e+00, 0.000000e+00, 0.000000e+00, 0.000000e+00, 0.000000e+00, 0.000000e+00, 0.000000e+00;
];
K(:,:,1,12) = [
  0.000000e+00, 0.000000e+00, 0.000000e+00, 0.000000e+00, 0.000000e+00, 0.000000e+00, 0.000000e+00, 0.000000e+00, 0.000000e+00, 0.000000e+00, 0.000000e+00, 0.000000e+00;
  0.000000e+00, 0.000000e+00, 0.000000e+00, 0.000000e+00, 0.000000e+00, 0.000000e+00, 0.000000e+00, 0.000000e+00, 0.000000e+00, 0.000000e+00, 0.000000e+00, 0.000000e+00;
  0.000000e+00, 0.000000e+00, 0.000000e+00, 0.000000e+00, 0.000000e+00, 0.000000e+00, 0.000000e+00, 0.000000e+00, 0.000000e+00, 0.000000e+00, 0.000000e+00, 0.000000e+00;
  0.000000e+00, 0.000000e+00, 0.000000e+00, 0.000000e+00, 0.000000e+00, 0.000000e+00, 0.000000e+00, 0.000000e+00, 0.000000e+00, 0.000000e+00, 0.000000e+00, 0.000000e+00;
  0.000000e+00, 0.000000e+00, 0.000000e+00, 0.000000e+00, 0.000000e+00, 0.000000e+00, 0.000000e+00, 0.000000e+00, 0.000000e+00, 0.000000e+00, 0.000000e+00, 0.000000e+00;
  0.000000e+00, 0.000000e+00, 0.000000e+00, 0.000000e+00, 0.000000e+00, 0.000000e+00, 0.000000e+00, 0.000000e+00, 0.000000e+00, 0.000000e+00, 0.000000e+00, 0.000000e+00;
  0.000000e+00, 0.000000e+00, 0.000000e+00, 0.000000e+00, 0.000000e+00, 0.000000e+00, 0.000000e+00, 0.000000e+00, 0.000000e+00, 0.000000e+00, 0.000000e+00, 0.000000e+00;
  0.000000e+00, 0.000000e+00, 0.000000e+00, 0.000000e+00, 0.000000e+00, 0.000000e+00, 0.000000e+00, 0.000000e+00, 0.000000e+00, 0.000000e+00, 0.000000e+00, 0.000000e+00;
  0.000000e+00, 0.000000e+00, 0.000000e+00, 0.000000e+00, 0.000000e+00, 0.000000e+00, 0.000000e+00, 0.000000e+00, 0.000000e+00, 0.000000e+00, 0.000000e+00, 0.000000e+00;
  0.000000e+00, 0.000000e+00, 0.000000e+00, 0.000000e+00, 0.000000e+00, 0.000000e+00, 0.000000e+00, 0.000000e+00, 0.000000e+00, 0.000000e+00, 0.000000e+00, 0.000000e+00;
  0.000000e+00, 0.000000e+00, 0.000000e+00, 0.000000e+00, 0.000000e+00, 0.000000e+00, 0.000000e+00, 0.000000e+00, 0.000000e+00, 0.000000e+00, 0.000000e+00, 0.000000e+00;
  0.000000e+00, 0.000000e+00, 0.000000e+00, 0.000000e+00, 0.000000e+00, 0.000000e+00, 0.000000e+00, 0.000000e+00, 0.000000e+00, 0.000000e+00, 0.000000e+00, 0.000000e+00;
];
K(:,:,2,1) = [
  0.000000e+00, 0.000000e+00, 0.000000e+00, 0.000000e+00, -1.553027e-05, -1.203596e-05, -2.950751e-06, 8.056327e-06, 0.000000e+00, 0.000000e+00, 0.000000e+00, 0.000000e+00;
  0.000000e+00, 0.000000e+00, 0.000000e+00, 0.000000e+00, -1.290954e-05, -1.000489e-05, -2.452812e-06, 6.696822e-06, 0.000000e+00, 0.000000e+00, 0.000000e+00, 0.000000e+00;
  0.000000e+00, 0.000000e+00, 0.000000e+00, 0.000000e+00, -5.885972e-06, -4.561628e-06, -1.118335e-06, 3.053348e-06, 0.000000e+00, 0.000000e+00, 0.000000e+00, 0.000000e+00;
  0.000000e+00, 0.000000e+00, 0.000000e+00, 0.000000e+00, 3.286593e-06, 2.547110e-06, 6.244527e-07, -1.704920e-06, 0.000000e+00, 0.000000e+00, 0.000000e+00, 0.000000e+00;
  -1.553027e-05, -1.290954e-05, -5.885972e-06, 3.286593e-06, 2.329540e-05, 1.805394e-05, 4.426127e-06, -1.208449e-05, 0.000000e+00, 0.000000e+00, 0.000000e+00, 0.000000e+00;
  -1.203596e-05, -1.000489e-05, -4.561628e-06, 2.547110e-06, 1.805394e-05, 1.399180e-05, 3.430248e-06, -9.365480e-06, 0.000000e+00, 0.000000e+00, 0.000000e+00, 0.000000e+00;
  -2.950751e-06, -2.452812e-06, -1.118335e-06, 6.244527e-07, 4.426127e-06, 3.430248e-06, 8.409641e-07, -2.296053e-06, 0.000000e+00, 0.000000e+00, 0.000000e+00, 0.000000e+00;
  8.056327e-06, 6.696822e-06, 3.053348e-06, -1.704920e-06, -1.208449e-05, -9.365480e-06, -2.296053e-06, 6.268830e-06, 0.000000e+00, 0.000000e+00, 0.000000e+00, 0.000000e+00;
  0.000000e+00, 0.000000e+00, 0.000000e+00, 0.000000e+00, 0.000000e+00, 0.000000e+00, 0.000000e+00, 0.000000e+00, 5.823851e-06, 4.950273e-06, 2.591614e-06, -5.445301e-07;
  0.000000e+00, 0.000000e+00, 0.000000e+00, 0.000000e+00, 0.000000e+00, 0.000000e+00, 0.000000e+00, 0.000000e+00, 4.950273e-06, 4.207732e-06, 2.202872e-06, -4.628506e-07;
  0.000000e+00, 0.000000e+00, 0.000000e+00, 0.000000e+00, 0.000000e+00, 0.000000e+00, 0.000000e+00, 0.000000e+00, 2.591614e-06, 2.202872e-06, 1.153268e-06, -2.423159e-07;
  0.000000e+00, 0.000000e+00, 0.000000e+00, 0.000000e+00, 0.000000e+00, 0.000000e+00, 0.000000e+00, 0.000000e+00, -5.445301e-07, -4.628506e-07, -2.423159e-07, 5.091356e-08;
];
K(:,:,2,2) = [
  0.000000e+00, 0.000000e+00, 0.000000e+00, 0.000000e+00, -1.290954e-05, -1.000489e-05, -2.452812e-06, 6.696822e-06, 0.000000e+00, 0.000000e+00, 0.000000e+00, 0.000000e+00;
  0.000000e+00, 0.000000e+00, 0.000000e+00, 0.000000e+00, -1.076054e-05, -8.339415e-06, -2.044502e-06, 5.582028e-06, 0.000000e+00, 0.000000e+00, 0.000000e+00, 0.000000e+00;
  0.000000e+00, 0.000000e+00, 0.000000e+00, 0.000000e+00, -4.994923e-06, -3.871065e-06, -9.490353e-07, 2.591116e-06, 0.000000e+00, 0.000000e+00, 0.000000e+00, 0.000000e+00;
  0.000000e+00, 0.000000e+00, 0.000000e+00, 0.000000e+00, 2.554660e-06, 1.979861e-06, 4.853854e-07, -1.325230e-06, 0.000000e+00, 0.000000e+00, 0.000000e+00, 0.000000e+00;
  -1.290954e-05, -1.076054e-05, -4.994923e-06, 2.554660e-06, 1.980109e-05, 1.534585e-05, 3.762208e-06, -1.027182e-05, 0.000000e+00, 0.000000e+00, 0.000000e+00, 0.000000e+00;
  -1.000489e-05, -8.339415e-06, -3.871065e-06, 1.979861e-06, 1.534585e-05, 1.189303e-05, 2.915711e-06, -7.960658e-06, 0.000000e+00, 0.000000e+00, 0.000000e+00, 0.000000e+00;
  -2.452812e-06, -2.044502e-06, -9.490353e-07, 4.853854e-07, 3.762208e-06, 2.915711e-06, 7.148195e-07, -1.951645e-06, 0.000000e+00, 0.000000e+00, 0.000000e+00, 0.000000e+00;
  6.696822e-06, 5.582028e-06, 2.591116e-06, -1.325230e-06, -1.027182e-05, -7.960658e-06, -1.951645e-06, 5.328505e-06, 0.000000e+00, 0.000000e+00, 0.000000e+00, 0.000000e+00;
  0.000000e+00, 0.000000e+00, 0.000000e+00, 0.000000e+00, 0.000000e+00, 0.000000e+00, 0.000000e+00, 0.000000e+00, 4.950273e-06, 4.207732e-06, 2.202872e-06, -4.628506e-07;
  0.000000e+00, 0.000000e+00, 0.000000e+00, 0.000000e+00, 0.000000e+00, 0.000000e+00, 0.000000e+00, 0.000000e+00, 4.207732e-06, 3.576572e-06, 1.872441e-06, -3.934230e-07;
  0.000000e+00, 0.000000e+00, 0.000000e+00, 0.000000e+00, 0.000000e+00, 0.000000e+00, 0.000000e+00, 0.000000e+00, 2.202872e-06, 1.872441e-06, 9.802779e-07, -2.059685e-07;
  0.000000e+00, 0.000000e+00, 0.000000e+00, 0.000000e+00, 0.000000e+00, 0.000000e+00, 0.000000e+00, 0.000000e+00, -4.628506e-07, -3.934230e-07, -2.059685e-07, 4.327653e-08;
];
K(:,:,2,3) = [
  0.000000e+00, 0.000000e+00, 0.000000e+00, 0.000000e+00, -5.885972e-06, -4.561628e-06, -1.118335e-06, 3.053348e-06, 0.000000e+00, 0.000000e+00, 0.000000e+00, 0.000000e+00;
  0.000000e+00, 0.000000e+00, 0.000000e+00, 0.000000e+00, -4.994923e-06, -3.871065e-06, -9.490353e-07, 2.591116e-06, 0.000000e+00, 0.000000e+00, 0.000000e+00, 0.000000e+00;
  0.000000e+00, 0.000000e+00, 0.000000e+00, 0.000000e+00, -2.585346e-06, -2.003643e-06, -4.912158e-07, 1.341148e-06, 0.000000e+00, 0.000000e+00, 0.000000e+00, 0.000000e+00;
  0.000000e+00, 0.000000e+00, 0.000000e+00, 0.000000e+00, 6.296380e-07, 4.879695e-07, 1.196312e-07, -3.266247e-07, 0.000000e+00, 0.000000e+00, 0.000000e+00, 0.000000e+00;
  -5.885972e-06, -4.994923e-06, -2.585346e-06, 6.296380e-07, 1.036645e-05, 8.034002e-06, 1.969626e-06, -5.377598e-06, 0.000000e+00, 0.000000e+00, 0.000000e+00, 0.000000e+00;
  -4.561628e-06, -3.871065e-06, -2.003643e-06, 4.879695e-07, 8.034002e-06, 6.226352e-06, 1.526460e-06, -4.167639e-06, 0.000000e+00, 0.000000e+00, 0.000000e+00, 0.000000e+00;
  -1.118335e-06, -9.490353e-07, -4.912158e-07, 1.196312e-07, 1.969626e-06, 1.526460e-06, 3.742290e-07, -1.021744e-06, 0.000000e+00, 0.000000e+00, 0.000000e+00, 0.000000e+00;
  3.053348e-06, 2.591116e-06, 1.341148e-06, -3.266247e-07, -5.377598e-06, -4.167639e-06, -1.021744e-06, 2.789629e-06, 0.000000e+00, 0.000000e+00, 0.000000e+00, 0.000000e+00;
  0.000000e+00, 0.000000e+00, 0.000000e+00, 0.000000e+00, 0.000000e+00, 0.000000e+00, 0.000000e+00, 0.000000e+00, 2.591614e-06, 2.202872e-06, 1.153268e-06, -2.423159e-07;
  0.000000e+00, 0.000000e+00, 0.000000e+00, 0.000000e+00, 0.000000e+00, 0.000000e+00, 0.000000e+00, 0.000000e+00, 2.202872e-06, 1.872441e-06, 9.802779e-07, -2.059685e-07;
  0.000000e+00, 0.000000e+00, 0.000000e+00, 0.000000e+00, 0.000000e+00, 0.000000e+00, 0.000000e+00, 0.000000e+00, 1.153268e-06, 9.802779e-07, 5.132043e-07, -1.078306e-07;
  0.000000e+00, 0.000000e+00, 0.000000e+00, 0.000000e+00, 0.000000e+00, 0.000000e+00, 0.000000e+00, 0.000000e+00, -2.423159e-07, -2.059685e-07, -1.078306e-07, 2.265653e-08;
];
K(:,:,2,4) = [
  0.000000e+00, 0.000000e+00, 0.000000e+00, 0.000000e+00, 3.286593e-06, 2.547110e-06, 6.244527e-07, -1.704920e-06, 0.000000e+00, 0.000000e+00, 0.000000e+00, 0.000000e+00;
  0.000000e+00, 0.000000e+00, 0.000000e+00, 0.000000e+00, 2.554660e-06, 1.979861e-06, 4.853854e-07, -1.325230e-06, 0.000000e+00, 0.000000e+00, 0.000000e+00, 0.000000e+00;
  0.000000e+00, 0.000000e+00, 0.000000e+00, 0.000000e+00, 6.296380e-07, 4.879695e-07, 1.196312e-07, -3.266247e-07, 0.000000e+00, 0.000000e+00, 0.000000e+00, 0.000000e+00;
  0.000000e+00, 0.000000e+00, 0.000000e+00, 0.000000e+00, -1.768707e-06, -1.370748e-06, -3.360543e-07, 9.175168e-07, 0.000000e+00, 0.000000e+00, 0.000000e+00, 0.000000e+00;
  3.286593e-06, 2.554660e-06, 6.296380e-07, -1.768707e-06, -2.178120e-06, -1.688043e-06, -4.138429e-07, 1.129900e-06, 0.000000e+00, 0.000000e+00, 0.000000e+00, 0.000000e+00;
  2.547110e-06, 1.979861e-06, 4.879695e-07, -1.370748e-06, -1.688043e-06, -1.308233e-06, -3.207282e-07, 8.756724e-07, 0.000000e+00, 0.000000e+00, 0.000000e+00, 0.000000e+00;
  6.244527e-07, 4.853854e-07, 1.196312e-07, -3.360543e-07, -4.138429e-07, -3.207282e-07, -7.863014e-08, 2.146810e-07, 0.000000e+00, 0.000000e+00, 0.000000e+00, 0.000000e+00;
  -1.704920e-06, -1.325230e-06, -3.266247e-07, 9.175168e-07, 1.129900e-06, 8.756724e-07, 2.146810e-07, -5.861356e-07, 0.000000e+00, 0.000000e+00, 0.000000e+00, 0.000000e+00;
  0.000000e+00, 0.000000e+00, 0.000000e+00, 0.000000e+00, 0.000000e+00, 0.000000e+00, 0.000000e+00, 0.000000e+00, -5.445301e-07, -4.628506e-07, -2.423159e-07, 5.091356e-08;
  0.000000e+00, 0.000000e+00, 0.000000e+00, 0.000000e+00, 0.000000e+00, 0.000000e+00, 0.000000e+00, 0.000000e+00, -4.628506e-07, -3.934230e-07, -2.059685e-07, 4.327653e-08;
  0.000000e+00, 0.000000e+00, 0.000000e+00, 0.000000e+00, 0.000000e+00, 0.000000e+00, 0.000000e+00, 0.000000e+00, -2.423159e-07, -2.059685e-07, -1.078306e-07, 2.265653e-08;
  0.000000e+00, 0.000000e+00, 0.000000e+00, 0.000000e+00, 0.000000e+00, 0.000000e+00, 0.000000e+00, 0.000000e+00, 5.091356e-08, 4.327653e-08, 2.265653e-08, -4.760418e-09;
];
K(:,:,2,5) = [
  0.000000e+00, 0.000000e+00, 0.000000e+00, 0.000000e+00, 2.329540e-05, 1.805394e-05, 4.426127e-06, -1.208449e-05, 0.000000e+00, 0.000000e+00, 0.000000e+00, 0.000000e+00;
  0.000000e+00, 0.000000e+00, 0.000000e+00, 0.000000e+00, 1.805394e-05, 1.399180e-05, 3.430248e-06, -9.365480e-06, 0.000000e+00, 0.000000e+00, 0.000000e+00, 0.000000e+00;
  0.000000e+00, 0.000000e+00, 0.000000e+00, 0.000000e+00, 4.426127e-06, 3.430248e-06, 8.409641e-07, -2.296053e-06, 0.000000e+00, 0.000000e+00, 0.000000e+00, 0.000000e+00;
  0.000000e+00, 0.000000e+00, 0.000000e+00, 0.000000e+00, -1.208449e-05, -9.365480e-06, -2.296053e-06, 6.268830e-06, 0.000000e+00, 0.000000e+00, 0.000000e+00, 0.000000e+00;
  2.329540e-05, 1.805394e-05, 4.426127e-06, -1.208449e-05, -3.106054e-05, -2.494550e-05, -8.836723e-06, 1.134292e-05, 0.000000e+00, 0.000000e+00, 0.000000e+00, 0.000000e+00;
  1.805394e-05, 1.399180e-05, 3.430248e-06, -9.365480e-06, -2.494550e-05, -2.000978e-05, -7.014440e-06, 9.243932e-06, 0.000000e+00, 0.000000e+00, 0.000000e+00, 0.000000e+00;
  4.426127e-06, 3.430248e-06, 8.409641e-07, -2.296053e-06, -8.836723e-06, -7.014440e-06, -2.236669e-06, 3.677801e-06, 0.000000e+00, 0.000000e+00, 0.000000e+00, 0.000000e+00;
  -1.208449e-05, -9.365480e-06, -2.296053e-06, 6.268830e-06, 1.134292e-05, 9.243932e-06, 3.677801e-06, -3.409840e-06, 0.000000e+00, 0.000000e+00, 0.000000e+00, 0.000000e+00;
  0.000000e+00, 0.000000e+00, 0.000000e+00, 0.000000e+00, 0.000000e+00, 0.000000e+00, 0.000000e+00, 0.000000e+00, 0.000000e+00, 0.000000e+00, 0.000000e+00, 0.000000e+00;
  0.000000e+00, 0.000000e+00, 0.000000e+00, 0.000000e+00, 0.000000e+00, 0.000000e+00, 0.000000e+00, 0.000000e+00, 0.000000e+00, 0.000000e+00, 0.000000e+00, 0.000000e+00;
  0.000000e+00, 0.000000e+00, 0.000000e+00, 0.000000e+00, 0.000000e+00, 0.000000e+00, 0.000000e+00, 0.000000e+00, 0.000000e+00, 0.000000e+00, 0.000000e+00, 0.000000e+00;
  0.000000e+00, 0.000000e+00, 0.000000e+00, 0.000000e+00, 0.000000e+00, 0.000000e+00, 0.000000e+00, 0.000000e+00, 0.000000e+00, 0.000000e+00, 0.000000e+00, 0.000000e+00;
];
K(:,:,2,6) = [
  0.000000e+00, 0.000000e+00, 0.000000e+00, 0.000000e+00, 1.980109e-05, 1.534585e-05, 3.762208e-06, -1.027182e-05, 0.000000e+00, 0.000000e+00, 0.000000e+00, 0.000000e+00;
  0.000000e+00, 0.000000e+00, 0.000000e+00, 0.000000e+00, 1.534585e-05, 1.189303e-05, 2.915711e-06, -7.960658e-06, 0.000000e+00, 0.000000e+00, 0.000000e+00, 0.000000e+00;
  0.000000e+00, 0.000000e+00, 0.000000e+00, 0.000000e+00, 3.762208e-06, 2.915711e-06, 7.148195e-07, -1.951645e-06, 0.000000e+00, 0.000000e+00, 0.000000e+00, 0.000000e+00;
  0.000000e+00, 0.000000e+00, 0.000000e+00, 0.000000e+00, -1.027182e-05, -7.960658e-06, -1.951645e-06, 5.328505e-06, 0.000000e+00, 0.000000e+00, 0.000000e+00, 0.000000e+00;
  1.980109e-05, 1.534585e-05, 3.762208e-06, -1.027182e-05, -2.581907e-05, -2.076543e-05, -7.447735e-06, 9.251482e-06, 0.000000e+00, 0.000000e+00, 0.000000e+00, 0.000000e+00;
  1.534585e-05, 1.189303e-05, 2.915711e-06, -7.960658e-06, -2.076543e-05, -1.667883e-05, -5.915567e-06, 7.561889e-06, 0.000000e+00, 0.000000e+00, 0.000000e+00, 0.000000e+00;
  3.762208e-06, 2.915711e-06, 7.148195e-07, -1.951645e-06, -7.447735e-06, -5.915567e-06, -1.898071e-06, 3.076502e-06, 0.000000e+00, 0.000000e+00, 0.000000e+00, 0.000000e+00;
  -1.027182e-05, -7.960658e-06, -1.951645e-06, 5.328505e-06, 9.251482e-06, 7.561889e-06, 3.076502e-06, -2.650460e-06, 0.000000e+00, 0.000000e+00, 0.000000e+00, 0.000000e+00;
  0.000000e+00, 0.000000e+00, 0.000000e+00, 0.000000e+00, 0.000000e+00, 0.000000e+00, 0.000000e+00, 0.000000e+00, 0.000000e+00, 0.000000e+00, 0.000000e+00, 0.000000e+00;
  0.000000e+00, 0.000000e+00, 0.000000e+00, 0.000000e+00, 0.000000e+00, 0.000000e+00, 0.000000e+00, 0.000000e+00, 0.000000e+00, 0.000000e+00, 0.000000e+00, 0.000000e+00;
  0.000000e+00, 0.000000e+00, 0.000000e+00, 0.000000e+00, 0.000000e+00, 0.000000e+00, 0.000000e+00, 0.000000e+00, 0.000000e+00, 0.000000e+00, 0.000000e+00, 0.000000e+00;
  0.000000e+00, 0.000000e+00, 0.000000e+00, 0.000000e+00, 0.000000e+00, 0.000000e+00, 0.000000e+00, 0.000000e+00, 0.000000e+00, 0.000000e+00, 0.000000e+00, 0.000000e+00;
];
K(:,:,2,7) = [
  0.000000e+00, 0.000000e+00, 0.000000e+00, 0.000000e+00, 1.036645e-05, 8.034002e-06, 1.969626e-06, -5.377598e-06, 0.000000e+00, 0.000000e+00, 0.000000e+00, 0.000000e+00;
  0.000000e+00, 0.000000e+00, 0.000000e+00, 0.000000e+00, 8.034002e-06, 6.226352e-06, 1.526460e-06, -4.167639e-06, 0.000000e+00, 0.000000e+00, 0.000000e+00, 0.000000e+00;
  0.000000e+00, 0.000000e+00, 0.000000e+00, 0.000000e+00, 1.969626e-06, 1.526460e-06, 3.742290e-07, -1.021744e-06, 0.000000e+00, 0.000000e+00, 0.000000e+00, 0.000000e+00;
  0.000000e+00, 0.000000e+00, 0.000000e+00, 0.000000e+00, -5.377598e-06, -4.167639e-06, -1.021744e-06, 2.789629e-06, 0.000000e+00, 0.000000e+00, 0.000000e+00, 0.000000e+00;
  1.036645e-05, 8.034002e-06, 1.969626e-06, -5.377598e-06, -1.177194e-05, -9.556551e-06, -3.703681e-06, 3.682986e-06, 0.000000e+00, 0.000000e+00, 0.000000e+00, 0.000000e+00;
  8.034002e-06, 6.226352e-06, 1.526460e-06, -4.167639e-06, -9.556551e-06, -7.742130e-06, -2.952679e-06, 3.079086e-06, 0.000000e+00, 0.000000e+00, 0.000000e+00, 0.000000e+00;
  1.969626e-06, 1.526460e-06, 3.742290e-07, -1.021744e-06, -3.703681e-06, -2.952679e-06, -9.824315e-07, 1.460780e-06, 0.000000e+00, 0.000000e+00, 0.000000e+00, 0.000000e+00;
  -5.377598e-06, -4.167639e-06, -1.021744e-06, 2.789629e-06, 3.682986e-06, 3.079086e-06, 1.460780e-06, -6.532494e-07, 0.000000e+00, 0.000000e+00, 0.000000e+00, 0.000000e+00;
  0.000000e+00, 0.000000e+00, 0.000000e+00, 0.000000e+00, 0.000000e+00, 0.000000e+00, 0.000000e+00, 0.000000e+00, 0.000000e+00, 0.000000e+00, 0.000000e+00, 0.000000e+00;
  0.000000e+00, 0.000000e+00, 0.000000e+00, 0.000000e+00, 0.000000e+00, 0.000000e+00, 0.000000e+00, 0.000000e+00, 0.000000e+00, 0.000000e+00, 0.000000e+00, 0.000000e+00;
  0.000000e+00, 0.000000e+00, 0.000000e+00, 0.000000e+00, 0.000000e+00, 0.000000e+00, 0.000000e+00, 0.000000e+00, 0.000000e+00, 0.000000e+00, 0.000000e+00, 0.000000e+00;
  0.000000e+00, 0.000000e+00, 0.000000e+00, 0.000000e+00, 0.000000e+00, 0.000000e+00, 0.000000e+00, 0.000000e+00, 0.000000e+00, 0.000000e+00, 0.000000e+00, 0.000000e+00;
];
K(:,:,2,8) = [
  0.000000e+00, 0.000000e+00, 0.000000e+00, 0.000000e+00, -2.178120e-06, -1.688043e-06, -4.138429e-07, 1.129900e-06, 0.000000e+00, 0.000000e+00, 0.000000e+00, 0.000000e+00;
  0.000000e+00, 0.000000e+00, 0.000000e+00, 0.000000e+00, -1.688043e-06, -1.308233e-06, -3.207282e-07, 8.756724e-07, 0.000000e+00, 0.000000e+00, 0.000000e+00, 0.000000e+00;
